4 468798
4 1374031
4 1820200
4 2033371
4 2793860
4 2943741
4 2971663
4 3342257
4 3514617
4 3935432
4 4091823
4 6190803
4 6619126
4 6725284
4 7430095
4 8323299
4 8344280
4 8384526
4 8631363
4 9449027
4 9852066
4 10441114
4 10861392
5 468798
5 1374031
5 1820200
5 3342257
5 8323299
5 9449027
6 2033371
6 2943741
6 2971663
6 6725284
7 208636
7 1899031
7 2033371
7 2059624
7 2065054
7 2386787
7 2793860
7 2943741
7 2971663
7 3514617
7 3571205
7 3935432
7 4091823
7 6190803
7 6619126
7 6684483
7 6725284
7 6833285
7 7430095
7 8344280
7 8384526
7 9118998
7 9852066
7 10861392
8 2033371
8 2049076
8 2550193
8 2813359
8 2943741
8 2971663
8 3179269
8 3514617
8 4091823
8 6190803
8 6619126
8 6684483
8 6725284
8 7430095
8 8384526
8 8460945
8 8477709
8 8631363
8 8981093
8 9654101
8 10764840
8 11805077
8 12038976
25 2033371
25 2943741
25 2971663
25 6725284
25 8323299
25 9852066
95 3514617
95 4091823
95 6190803
95 6619126
95 7430095
95 8384526
96 208636
96 468798
96 1374031
96 1820200
96 1899031
96 2033371
96 2049076
96 2059624
96 2065054
96 2386787
96 2550193
96 2793860
96 2813359
96 2943741
96 2971663
96 3179269
96 3514617
96 3571205
96 3935432
96 4091823
96 6190803
96 6619126
96 6684483
96 6725284
96 7430095
96 8344280
96 8384526
96 8460945
96 8477709
96 8981093
96 9118998
96 9449027
96 9654101
96 9852066
96 10764840
96 10861392
96 11805077
96 12038976
97 3514617
97 4091823
97 6190803
97 6619126
97 7430095
97 8384526
98 2033371
98 2049076
98 2943741
98 2971663
98 3571205
98 6725284
98 9654101
99 2033371
99 2943741
99 2971663
99 3571205
99 6725284
100 468798
100 1374031
100 1820200
100 9449027
102 468798
102 1374031
102 1820200
102 2033371
102 2943741
102 2971663
102 3571205
102 6725284
102 9449027
122 3571205
159 3514617
159 4091823
159 6190803
159 6619126
159 7430095
159 8384526
180 8631363
349 3342257
350 3342257
351 3342257
352 3342257
353 3342257
354 3342257
355 3342257
356 3342257
357 3342257
385 3514617
385 4091823
385 6190803
385 6619126
385 7430095
385 8384526
482 1388166
482 1421757
482 2049076
482 2403553
482 7780197
482 8639592
482 9654101
516 3514617
516 4091823
516 6190803
516 6619126
516 7430095
516 8384526
517 3514617
517 4091823
517 6190803
517 6619126
517 7430095
517 8384526
518 3514617
518 4091823
518 6190803
518 6619126
518 7430095
518 8384526
519 3514617
519 4091823
519 6190803
519 6619126
519 7430095
519 8384526
541 1482348
541 8407880
637 468798
637 1374031
637 1820200
637 9449027
650 2049076
650 9654101
651 2049076
651 9654101
652 2049076
652 9654101
656 1323463
656 1904059
656 2040277
656 2040278
656 7635154
656 7635155
656 8436110
656 9076522
656 9118998
656 9376680
656 9530955
657 2514791
657 11067851
705 1323463
705 1904059
705 2040277
705 2040278
705 7635154
705 7635155
705 8436110
705 9076522
705 9376680
705 9530955
706 1323463
706 1904059
706 2040277
706 2040278
706 7635154
706 7635155
706 8436110
706 9076522
706 9376680
706 9530955
1035 1468573
1035 2023947
1035 2393398
1037 1468573
1037 2023947
1037 2393398
1041 10677208
1049 2110822
1049 8344278
1049 11180632
1053 2110822
1053 8344278
1053 10677208
1053 10704524
1053 11180632
1061 2110822
1061 2136357
1061 2226797
1061 2513186
1061 8344278
1061 8687384
1061 9884403
1061 10704524
1061 11180632
1061 11676606
1061 24706782
1061 26510530
1064 2040275
1064 2110822
1064 2136357
1064 2226797
1064 2513186
1064 7514386
1064 8344278
1064 8687384
1064 9884403
1064 10207177
1064 10704524
1064 10814696
1064 11180632
1064 24090084
1064 24706782
1064 26510530
1066 2136357
1066 2226797
1066 2513186
1066 8687384
1066 9884403
1081 2040275
1081 24090084
1081 24706782
1081 26510530
1083 2040275
1083 2226797
1083 2513186
1083 8687384
1085 2226797
1085 2513186
1085 8687384
1085 10704524
1093 7592613
1099 1694115
1099 1898343
1099 2108149
1099 2110822
1099 6192908
1099 7514386
1099 7592613
1099 7679920
1099 7686446
1099 8344278
1099 10207177
1099 11180632
1099 11676606
1101 1820200
1101 1991473
1101 8026573
1101 9449027
1103 1820200
1103 1991473
1103 8026573
1103 9449027
1105 1694115
1105 6192908
1105 7679920
1105 7686446
1107 108268
1107 1694115
1107 1820200
1107 1899031
1107 1991473
1107 2059624
1107 2065054
1107 2136357
1107 2386787
1107 6192908
1107 7107587
1107 7309709
1107 7620335
1107 7679920
1107 7686446
1107 8026573
1107 8202534
1107 9449027
1107 9884403
1113 1820200
1113 1991473
1113 8026573
1113 9449027
1117 7592613
1119 1694115
1119 1899031
1119 2059624
1119 2065054
1119 2136357
1119 2386787
1119 2390069
1119 6192908
1119 7068558
1119 7679920
1119 7686446
1119 7774715
1119 9884403
1119 12151713
1119 24090084
1137 1694115
1137 1899031
1137 2059624
1137 2065054
1137 2386787
1137 2390069
1137 6192908
1137 6684483
1137 7068558
1137 7096333
1137 7451505
1137 7592613
1137 7679920
1137 7686446
1137 7774715
1137 12151713
1137 24090084
1141 2226797
1141 2513186
1141 2514791
1141 8416919
1141 8687384
1143 2226797
1143 2513186
1143 2514791
1143 8416919
1143 8687384
1145 2226797
1145 2513186
1145 2514791
1145 8416919
1145 8687384
1147 2226797
1147 2513186
1147 2514791
1147 8416919
1147 8687384
1149 2226797
1149 2513186
1149 2514791
1149 8416919
1149 8687384
1149 10092871
1151 8416919
1153 8416919
1155 8416919
1157 8416919
1159 8416919
1161 8416919
1163 8416919
1165 8416919
1167 8416919
1169 8416919
1185 2136357
1185 2592374
1185 8202534
1185 9884403
1187 468798
1187 1374031
1187 1482348
1187 1820200
1187 1991473
1187 1997323
1187 2136357
1187 2390069
1187 2592374
1187 7068558
1187 7774715
1187 8026573
1187 8202534
1187 8407880
1187 9449027
1187 9884403
1187 10704524
1187 12151713
1187 24090084
1189 468798
1189 1374031
1189 1482348
1189 1820200
1189 2136357
1189 2226797
1189 2390069
1189 2513186
1189 2550193
1189 2592374
1189 2813359
1189 3179269
1189 3667593
1189 7068558
1189 7774715
1189 8407880
1189 8460945
1189 8477709
1189 8687384
1189 8942648
1189 8981093
1189 9449027
1189 9884403
1189 10704524
1189 10764840
1189 11805077
1189 12038976
1189 12151713
1189 24090084
1193 2136357
1193 9884403
1195 2136357
1195 2226797
1195 2513186
1195 2550193
1195 2813359
1195 3179269
1195 8460945
1195 8477709
1195 8687384
1195 8981093
1195 9884403
1195 10704524
1195 10764840
1195 11805077
1195 12038976
1197 2136357
1197 9884403
1199 2136357
1199 2226797
1199 2513186
1199 2550193
1199 2813359
1199 3179269
1199 8460945
1199 8477709
1199 8687384
1199 8942648
1199 8981093
1199 9884403
1199 10764840
1199 11805077
1199 12038976
1203 10704524
1219 2110822
1219 7538124
1219 7642555
1219 8344278
1219 8344946
1219 8999954
1219 10995228
1219 11180632
1219 11258925
1221 10092871
1227 2390069
1227 7068558
1227 7774715
1227 12151713
1241 1694115
1241 2592374
1241 6192908
1241 7679920
1241 7686446
1241 8202534
1243 1694115
1243 6192908
1243 7107587
1243 7309709
1243 7620335
1243 7679920
1243 7686446
1243 8202534
1245 1997323
1245 8202534
1245 24090084
1247 1694115
1247 1820200
1247 1991473
1247 2136357
1247 6192908
1247 7679920
1247 7686446
1247 8026573
1247 8202534
1247 9449027
1247 9884403
1249 108268
1249 1456441
1249 1694115
1249 1820200
1249 1899031
1249 1991473
1249 2015821
1249 2059624
1249 2065054
1249 2386787
1249 2390069
1249 6192908
1249 6684483
1249 6833285
1249 6966283
1249 7068558
1249 7096333
1249 7107587
1249 7309709
1249 7451505
1249 7679920
1249 7686446
1249 7774715
1249 7944531
1249 8026573
1249 8174273
1249 8202534
1249 8390218
1249 8486673
1249 9449027
1249 10029548
1249 10929010
1249 12151713
1261 2136357
1261 9884403
1265 2015821
1271 7096333
1271 7451505
1295 2110822
1295 8142896
1295 8344278
1295 11180632
1299 2136357
1299 9884403
1307 1820200
1307 1991473
1307 2136357
1307 8026573
1307 9449027
1307 9884403
1309 2136357
1309 9884403
1313 1820200
1313 1991473
1313 8026573
1313 9449027
1315 1820200
1315 1991473
1315 8026573
1315 9449027
1317 1820200
1317 1991473
1317 8026573
1317 9449027
1319 1820200
1319 1991473
1319 8026573
1319 9449027
1477 1898343
1477 2110822
1477 8142896
1477 8223648
1477 8344278
1477 10677208
1477 10704524
1477 10766826
1477 11180632
1487 8142896
1489 1694115
1489 2110822
1489 6192908
1489 7679920
1489 7686446
1489 8344278
1489 8404899
1489 10024660
1489 11180632
1489 14693913
1491 1898343
1493 1694115
1493 1898343
1493 2108149
1493 6192908
1493 7514386
1493 7679920
1493 7686446
1493 10207177
1493 24090084
1495 24090084
1497 24090084
1501 1456441
1501 1694115
1501 1898343
1501 6192908
1501 7679920
1501 7686446
1501 7944531
1501 8174273
1501 10029548
1501 10929010
1501 24706782
1501 26510530
1521 108268
1521 468798
1521 1374031
1521 1456441
1521 1694115
1521 1820200
1521 1899031
1521 1991473
1521 2059624
1521 2065054
1521 2110822
1521 2386787
1521 2550193
1521 2592374
1521 2813359
1521 3179269
1521 6192908
1521 6966283
1521 7107587
1521 7514386
1521 7620335
1521 7679920
1521 7686446
1521 7944531
1521 8026573
1521 8174273
1521 8202534
1521 8344278
1521 8390218
1521 8404899
1521 8460945
1521 8477709
1521 8981093
1521 9449027
1521 10024660
1521 10029548
1521 10207177
1521 10704524
1521 10764840
1521 10929010
1521 11180632
1521 11676606
1521 11805077
1521 12038976
1521 14693913
1525 2136357
1525 2550193
1525 2592374
1525 2813359
1525 3179269
1525 8460945
1525 8477709
1525 8981093
1525 9884403
1525 10764840
1525 11805077
1525 12038976
1525 24090084
1527 1694115
1527 1820200
1527 1991473
1527 2136357
1527 3571205
1527 6192908
1527 7679920
1527 7686446
1527 8026573
1527 9449027
1527 9884403
1527 24090084
1529 2136357
1529 3571205
1529 9884403
1531 2136357
1531 9884403
1533 2136357
1533 9884403
1535 2136357
1535 9884403
1537 2136357
1537 3571205
1537 9884403
1539 2136357
1539 9884403
1541 2136357
1541 9884403
1543 1991473
1543 2136357
1543 9884403
1545 2136357
1545 9884403
1547 2136357
1547 9884403
1549 2136357
1549 9884403
1553 2136357
1553 9884403
1555 2136357
1555 9884403
1557 2136357
1557 9884403
1559 2136357
1559 9884403
1599 1694115
1599 1898343
1599 2108149
1599 6192908
1599 7514386
1599 7679920
1599 7686446
1599 10207177
1603 468798
1603 1374031
1603 1388166
1603 1456441
1603 1694115
1603 1820200
1603 1898343
1603 1991473
1603 2108149
1603 2110822
1603 2390069
1603 2550193
1603 2592374
1603 2813359
1603 3179269
1603 6192908
1603 6966283
1603 7068558
1603 7514386
1603 7620335
1603 7679920
1603 7686446
1603 7774715
1603 7944531
1603 8026573
1603 8174273
1603 8323280
1603 8344278
1603 8390218
1603 8404899
1603 8460945
1603 8477709
1603 8639592
1603 8981093
1603 9449027
1603 10024660
1603 10029548
1603 10092871
1603 10207177
1603 10704524
1603 10731668
1603 10764840
1603 10929010
1603 10988252
1603 11180632
1603 11676606
1603 11805077
1603 12038976
1603 12151713
1603 14693913
1603 24090084
1603 24706782
1603 26510530
1605 1694115
1605 6192908
1605 7679920
1605 7686446
1609 1694115
1609 6192908
1609 7679920
1609 7686446
1611 1694115
1611 6192908
1611 7679920
1611 7686446
1615 1456441
1615 2015821
1615 7096333
1615 7451505
1615 7944531
1615 8174273
1615 10029548
1615 10929010
1623 1694115
1623 2110822
1623 6192908
1623 7514386
1623 7679920
1623 7686446
1623 8344278
1623 10207177
1623 11180632
1623 11676606
1629 10704524
1653 1820200
1653 1991473
1653 7514386
1653 8026573
1653 8404899
1653 9449027
1653 10024660
1653 10207177
1653 10704524
1653 14693913
1659 1388166
1659 2110822
1659 2550193
1659 2813359
1659 3179269
1659 7620335
1659 8323280
1659 8344278
1659 8460945
1659 8477709
1659 8639592
1659 8981093
1659 10704524
1659 10764840
1659 11180632
1659 11805077
1659 12038976
1661 2110822
1661 2550193
1661 2813359
1661 3179269
1661 7620335
1661 8344278
1661 8460945
1661 8477709
1661 8981093
1661 10704524
1661 10764840
1661 11180632
1661 11805077
1661 12038976
1663 468798
1663 1374031
1663 1388166
1663 1820200
1663 1991473
1663 2110822
1663 2550193
1663 2813359
1663 3179269
1663 7514386
1663 8026573
1663 8323280
1663 8344278
1663 8460945
1663 8477709
1663 8639592
1663 8981093
1663 9449027
1663 10207177
1663 10704524
1663 10764840
1663 11180632
1663 11805077
1663 12038976
1665 468798
1665 1374031
1665 1820200
1665 1991473
1665 2110822
1665 2550193
1665 2813359
1665 3179269
1665 7620335
1665 8026573
1665 8344278
1665 8460945
1665 8477709
1665 8981093
1665 9449027
1665 10704524
1665 10764840
1665 11180632
1665 11805077
1665 12038976
1669 1388166
1669 2110822
1669 2550193
1669 2813359
1669 3179269
1669 7514386
1669 8323280
1669 8344278
1669 8460945
1669 8477709
1669 8639592
1669 8981093
1669 10207177
1669 10704524
1669 10764840
1669 11180632
1669 11805077
1669 12038976
1677 2040275
1691 3571205
1693 3571205
1719 468798
1719 1374031
1719 1820200
1719 1991473
1719 8026573
1719 9449027
1721 1820200
1721 1991473
1721 2592374
1721 8026573
1721 9449027
1723 1820200
1723 1991473
1723 8026573
1723 9449027
1725 1820200
1725 1991473
1725 8026573
1725 9449027
1727 1820200
1727 1991473
1727 8026573
1727 9449027
1729 1820200
1729 1991473
1729 8026573
1729 9449027
1731 1820200
1731 1991473
1731 8026573
1731 9449027
1745 2550193
1745 2813359
1745 3179269
1745 8460945
1745 8477709
1745 8981093
1745 10764840
1745 11805077
1745 12038976
1747 2550193
1747 2813359
1747 3179269
1747 8460945
1747 8477709
1747 8981093
1747 10764840
1747 11805077
1747 12038976
1749 2550193
1749 2813359
1749 3179269
1749 8460945
1749 8477709
1749 8981093
1749 10764840
1749 11805077
1749 12038976
1751 2550193
1751 2813359
1751 3179269
1751 8460945
1751 8477709
1751 8981093
1751 10764840
1751 11805077
1751 12038976
1753 2550193
1753 2813359
1753 3179269
1753 8460945
1753 8477709
1753 8981093
1753 10764840
1753 11805077
1753 12038976
1755 2550193
1755 2813359
1755 3179269
1755 8460945
1755 8477709
1755 8981093
1755 10764840
1755 11805077
1755 12038976
1759 2550193
1759 2813359
1759 3179269
1759 8460945
1759 8477709
1759 8981093
1759 10764840
1759 11805077
1759 12038976
1761 7592613
1761 8404899
1761 8486673
1761 10024660
1761 14693913
1773 3571205
1775 2110822
1775 8344278
1775 10814696
1775 11180632
1785 7592613
1785 8404899
1785 10024660
1785 14693913
1793 2550193
1793 2813359
1793 3179269
1793 8460945
1793 8477709
1793 8981093
1793 10764840
1793 11805077
1793 12038976
1795 2226797
1795 2513186
1795 2550193
1795 2813359
1795 3179269
1795 8460945
1795 8477709
1795 8687384
1795 8981093
1795 10764840
1795 11805077
1795 12038976
1797 2550193
1797 2813359
1797 3179269
1797 8460945
1797 8477709
1797 8981093
1797 10764840
1797 11805077
1797 12038976
1837 2592374
1839 2592374
1841 2592374
1843 2592374
1843 10677208
1845 2592374
1847 2592374
1849 2592374
1851 2592374
1853 2592374
1879 8323280
1881 8323280
1891 7514386
1891 10207177
1907 2110822
1907 8344278
1907 11180632
1919 2110822
1919 2550193
1919 2813359
1919 3179269
1919 7620335
1919 8344278
1919 8460945
1919 8477709
1919 8981093
1919 10764840
1919 11180632
1919 11805077
1919 12038976
1921 7620335
1921 11676606
1925 7620335
1927 7620335
1929 7620335
1931 7620335
1935 7620335
1937 7620335
1953 10092871
1973 1694115
1973 2550193
1973 2592374
1973 2813359
1973 3179269
1973 6192908
1973 7679920
1973 7686446
1973 8460945
1973 8477709
1973 8981093
1973 10764840
1973 11805077
1973 12038976
1975 2550193
1975 2813359
1975 3179269
1975 8460945
1975 8477709
1975 8981093
1975 10764840
1975 11805077
1975 12038976
1977 2226797
1977 2513186
1977 2550193
1977 2813359
1977 3179269
1977 8460945
1977 8477709
1977 8687384
1977 8981093
1977 10764840
1977 11805077
1977 12038976
1983 2550193
1983 2813359
1983 3179269
1983 8460945
1983 8477709
1983 8981093
1983 10764840
1983 11805077
1983 12038976
1985 2550193
1985 2813359
1985 3179269
1985 8460945
1985 8477709
1985 8981093
1985 10764840
1985 11805077
1985 12038976
1989 2550193
1989 2813359
1989 3179269
1989 8460945
1989 8477709
1989 8981093
1989 10764840
1989 11805077
1989 12038976
1991 2550193
1991 2813359
1991 3179269
1991 8460945
1991 8477709
1991 8981093
1991 10764840
1991 11805077
1991 12038976
1993 2550193
1993 2813359
1993 3179269
1993 8460945
1993 8477709
1993 8981093
1993 10764840
1993 11805077
1993 12038976
1995 2550193
1995 2813359
1995 3179269
1995 8460945
1995 8477709
1995 8981093
1995 10764840
1995 11805077
1995 12038976
1997 2550193
1997 2813359
1997 3179269
1997 8460945
1997 8477709
1997 8981093
1997 10764840
1997 11805077
1997 12038976
1999 2550193
1999 2813359
1999 3179269
1999 8460945
1999 8477709
1999 8981093
1999 10764840
1999 11805077
1999 12038976
2001 2550193
2001 2813359
2001 3179269
2001 8460945
2001 8477709
2001 8981093
2001 10764840
2001 11805077
2001 12038976
2003 2550193
2003 2813359
2003 3179269
2003 8460945
2003 8477709
2003 8981093
2003 10764840
2003 11805077
2003 12038976
2005 2550193
2005 2813359
2005 3179269
2005 8460945
2005 8477709
2005 8981093
2005 10764840
2005 11805077
2005 12038976
2007 2550193
2007 2813359
2007 3179269
2007 8460945
2007 8477709
2007 8981093
2007 10764840
2007 11805077
2007 12038976
2009 2226797
2009 2513186
2009 8687384
2011 2226797
2011 2513186
2011 8687384
2017 2226797
2017 2513186
2017 8687384
2019 1820200
2019 1991473
2019 2592374
2019 8026573
2019 9449027
2021 2592374
2023 2592374
2025 2226797
2025 2513186
2025 8687384
2027 2226797
2027 2513186
2027 8687384
2073 1694115
2073 2110822
2073 6192908
2073 7679920
2073 7686446
2073 8344278
2073 11180632
2099 2110822
2099 8344278
2099 11180632
2101 2110822
2101 8344278
2101 11180632
2101 24090084
2103 468798
2103 1374031
2103 1820200
2103 1991473
2103 2110822
2103 8026573
2103 8344278
2103 9449027
2103 11180632
2109 7592613
2135 2550193
2135 2813359
2135 3179269
2135 8460945
2135 8477709
2135 8981093
2135 10764840
2135 11805077
2135 12038976
2149 8942648
2157 2226797
2157 2513186
2157 2514791
2157 8687384
2159 2226797
2159 2513186
2159 2514791
2159 8687384
2161 2226797
2161 2513186
2161 2514791
2161 8687384
2163 2226797
2163 2513186
2163 2514791
2163 8687384
2171 24706782
2171 26510530
2195 2110822
2195 7514386
2195 8344278
2195 10207177
2195 11180632
2473 10677208
2539 8404899
2539 10024660
2539 14693913
2541 8142896
2545 7514386
2545 10207177
2545 24090084
2545 24706782
2545 26510530
2553 2110822
2553 7947762
2553 8344278
2553 8358150
2553 8810905
2553 9334252
2553 11180632
2557 1820200
2557 1991473
2557 8026573
2557 9449027
2595 1694115
2595 6192908
2595 7679920
2595 7686446
2613 10677208
2627 1898343
2627 2110822
2627 8344278
2627 10704524
2627 11180632
2629 24090084
2663 24090084
2665 2550193
2665 2813359
2665 3179269
2665 8460945
2665 8477709
2665 8981093
2665 10764840
2665 11805077
2665 12038976
2667 2550193
2667 2813359
2667 3179269
2667 8460945
2667 8477709
2667 8981093
2667 10764840
2667 11805077
2667 12038976
2669 2550193
2669 2813359
2669 3179269
2669 8460945
2669 8477709
2669 8981093
2669 10764840
2669 11805077
2669 12038976
2671 2550193
2671 2813359
2671 3179269
2671 8460945
2671 8477709
2671 8981093
2671 10764840
2671 11805077
2671 12038976
2683 1482348
2683 8407880
2893 8223648
2893 10677208
2905 2110822
2905 8344278
2905 11180632
2909 2110822
2909 8344278
2909 11180632
2919 11676606
2921 2226797
2921 2513186
2921 8687384
2921 10731668
2921 10988252
2931 2110822
2931 8344278
2931 11180632
2977 8404899
2977 10024660
2977 14693913
2979 8404899
2979 10024660
2979 14693913
2983 8404899
2983 10024660
2983 14693913
2985 7841792
2985 8202534
2985 8404899
2985 10024660
2985 11168369
2985 11676606
2985 11738084
2985 14693913
2989 24090084
2991 2226797
2991 2513186
2991 8687384
3007 7947762
3007 8358150
3007 8810905
3007 9334252
3009 7947762
3009 8358150
3009 8810905
3009 9334252
3013 2110822
3013 8344278
3013 11180632
3053 2550193
3053 2813359
3053 3179269
3053 8460945
3053 8477709
3053 8981093
3053 10764840
3053 11805077
3053 12038976
3055 2390069
3055 7068558
3055 7774715
3055 8942648
3055 10704524
3055 12151713
3057 1820200
3057 1991473
3057 2390069
3057 7068558
3057 7774715
3057 8026573
3057 9449027
3057 10704524
3057 12151713
3107 1694115
3107 6192908
3107 7679920
3107 7686446
3107 9654101
3127 2110822
3127 8344278
3127 11180632
3129 2110822
3129 8344278
3129 11180632
3131 2110822
3131 8344278
3131 11180632
3133 2110822
3133 8344278
3133 11180632
3135 2110822
3135 8344278
3135 11180632
3151 1388166
3151 8639592
3153 1388166
3153 8639592
3155 1388166
3155 8639592
3157 1388166
3157 8639592
3279 10677208
3287 7514386
3287 10207177
3293 7514386
3293 10207177
3295 7514386
3295 10207177
3303 10677208
3343 7514386
3343 10207177
3345 7514386
3345 10207177
3371 2110822
3371 8344278
3371 10814696
3371 11180632
3373 2110822
3373 8344278
3373 11180632
3375 2110822
3375 8344278
3375 11180632
3381 2110822
3381 8344278
3381 11180632
3383 2110822
3383 8344278
3383 11180632
3385 2110822
3385 8344278
3385 11180632
3387 468798
3387 1374031
3387 1820200
3387 1991473
3387 2110822
3387 8026573
3387 8344278
3387 9449027
3387 11180632
3389 2110822
3389 8344278
3389 11180632
3391 2110822
3391 8344278
3391 11180632
3397 2110822
3397 8344278
3397 11180632
3399 2110822
3399 8344278
3399 11180632
3405 2110822
3405 8344278
3405 11180632
3407 2110822
3407 8344278
3407 11180632
3409 2110822
3409 8344278
3409 11180632
3411 2110822
3411 8344278
3411 11180632
3413 2110822
3413 8344278
3413 11180632
3415 2110822
3415 8344278
3415 11180632
3417 2110822
3417 8344278
3417 11180632
3421 2110822
3421 8344278
3421 11180632
3423 8942648
3453 8053566
3455 8053566
3457 8053566
3459 8053566
3461 8053566
3463 8053566
3465 8053566
3467 8053566
3469 8053566
3471 8053566
3473 8053566
3475 8053566
3487 8053566
3495 8053566
3497 8053566
3503 2550193
3503 2813359
3503 3179269
3503 8460945
3503 8477709
3503 8981093
3503 10764840
3503 11805077
3503 12038976
3539 7841792
3539 9677337
3539 11168369
3539 11738084
3553 3571205
3553 8404899
3553 10024660
3553 11676606
3553 14693913
3567 24706782
3567 26510530
3629 1456441
3629 7944531
3629 8174273
3629 10029548
3629 10929010
3869 24090084
3911 2226797
3911 2513186
3911 8687384
3913 2226797
3913 2513186
3913 8687384
3915 2226797
3915 2513186
3915 8687384
3927 2226797
3927 2513186
3927 8687384
3929 2226797
3929 2513186
3929 8687384
3949 2592374
3951 10092871
3955 10092871
3957 10092871
3959 7592613
3959 10092871
3961 10092871
3963 10092871
3965 10092871
3969 10092871
3971 10092871
4015 1694115
4015 6192908
4015 7679920
4015 7686446
4015 24090084
4017 1694115
4017 6192908
4017 7679920
4017 7686446
4025 1421757
4025 2403553
4025 7780197
4027 1421757
4027 2403553
4027 7780197
4035 10704524
4037 1421757
4037 2403553
4037 7780197
4039 1421757
4039 2403553
4039 7780197
4041 1421757
4041 2403553
4041 7780197
4043 1421757
4043 2403553
4043 7780197
4110 2110822
4110 8344278
4110 11180632
4209 2110822
4209 8344278
4209 11180632
4211 2110822
4211 8344278
4211 11180632
4212 1456441
4212 7944531
4212 8174273
4212 10029548
4212 10929010
4225 9677337
4226 9677337
4227 9677337
4228 9677337
4236 2226797
4236 2513186
4236 2514791
4236 8687384
4237 2226797
4237 2513186
4237 2514791
4237 8687384
4238 2226797
4238 2513186
4238 2514791
4238 8687384
4239 2226797
4239 2513186
4239 2514791
4239 8687384
4240 2226797
4240 2513186
4240 2514791
4240 8687384
4241 2226797
4241 2513186
4241 8687384
4249 7592613
4250 7592613
4253 7592613
4255 7592613
4256 7592613
4257 7592613
4340 6966283
4340 8390218
4342 1694784
4346 1898343
4348 1898343
4473 10704524
4474 10704524
4475 10704524
4476 10704524
4477 10704524
4478 10704524
4479 10704524
4480 10704524
4481 10704524
4787 2550193
4787 2813359
4787 3179269
4787 8460945
4787 8477709
4787 8981093
4787 10764840
4787 11805077
4787 12038976
4788 2550193
4788 2813359
4788 3179269
4788 8460945
4788 8477709
4788 8981093
4788 10764840
4788 11805077
4788 12038976
4789 2550193
4789 2813359
4789 3179269
4789 8460945
4789 8477709
4789 8981093
4789 10764840
4789 11805077
4789 12038976
4790 2550193
4790 2813359
4790 3179269
4790 8460945
4790 8477709
4790 8981093
4790 10764840
4790 11805077
4790 12038976
4791 2550193
4791 2813359
4791 3179269
4791 8460945
4791 8477709
4791 8981093
4791 10764840
4791 11805077
4791 12038976
4792 2550193
4792 2813359
4792 3179269
4792 8460945
4792 8477709
4792 8981093
4792 10764840
4792 11805077
4792 12038976
4794 2550193
4794 2813359
4794 3179269
4794 8460945
4794 8477709
4794 8981093
4794 10764840
4794 11805077
4794 12038976
4796 2550193
4796 2813359
4796 3179269
4796 8460945
4796 8477709
4796 8981093
4796 10764840
4796 11805077
4796 12038976
4798 2550193
4798 2813359
4798 3179269
4798 8460945
4798 8477709
4798 8981093
4798 10764840
4798 11805077
4798 12038976
4799 2550193
4799 2813359
4799 3179269
4799 8460945
4799 8477709
4799 8981093
4799 10764840
4799 11805077
4799 12038976
4801 2550193
4801 2813359
4801 3179269
4801 8460945
4801 8477709
4801 8981093
4801 10764840
4801 11805077
4801 12038976
4805 2550193
4805 2813359
4805 3179269
4805 8460945
4805 8477709
4805 8981093
4805 10764840
4805 11805077
4805 12038976
4806 2550193
4806 2813359
4806 3179269
4806 8460945
4806 8477709
4806 8981093
4806 10764840
4806 11805077
4806 12038976
4817 2550193
4817 2813359
4817 3179269
4817 8460945
4817 8477709
4817 8981093
4817 10764840
4817 11805077
4817 12038976
4819 2550193
4819 2813359
4819 3179269
4819 8460945
4819 8477709
4819 8981093
4819 10764840
4819 11805077
4819 12038976
4820 2550193
4820 2813359
4820 3179269
4820 8460945
4820 8477709
4820 8981093
4820 10764840
4820 11805077
4820 12038976
4821 2550193
4821 2813359
4821 3179269
4821 8460945
4821 8477709
4821 8981093
4821 10764840
4821 11805077
4821 12038976
4822 1421757
4822 2403553
4822 7780197
4822 11258925
4920 9677337
4922 9677337
4923 9677337
4924 7096333
4924 7451505
5089 2226797
5089 2513186
5089 8687384
5092 2226797
5092 2513186
5092 8687384
5095 1898343
5096 1898343
5097 1898343
5098 1898343
5100 1898343
5101 1898343
5102 1898343
5103 1898343
5104 1898343
5126 10677208
5127 10677208
5128 10677208
5129 10677208
5130 10677208
5131 10677208
5132 10677208
5133 10677208
5134 10677208
5135 10677208
5142 2136357
5142 9884403
5145 2136357
5145 9884403
5147 2136357
5147 9884403
5149 2136357
5149 9884403
5150 2136357
5150 9884403
5151 2136357
5151 9884403
5152 2136357
5152 9884403
5154 2136357
5154 9884403
5156 2136357
5156 9884403
5158 2136357
5158 9884403
5160 2136357
5160 9884403
5161 2136357
5161 9884403
5162 2136357
5162 9884403
5164 2136357
5164 9884403
5165 2136357
5165 9884403
5166 2136357
5166 9884403
5167 2136357
5167 9884403
5168 2136357
5168 9884403
5169 2136357
5169 9884403
5171 2136357
5171 9884403
5172 2136357
5172 9884403
5174 11067851
5176 2136357
5176 9884403
5178 2136357
5178 9884403
5179 2136357
5179 9884403
5180 2136357
5180 9884403
5181 2136357
5181 9884403
5182 2136357
5182 9884403
5185 2136357
5185 9884403
5344 2390069
5344 7068558
5344 7774715
5344 12151713
5347 2390069
5347 7068558
5347 7774715
5347 12151713
5348 2390069
5348 7068558
5348 7774715
5348 12151713
5360 8942648
5543 7620335
5605 9118998
5606 9118998
5609 9118998
5618 10920251
5664 7592613
5665 7592613
5669 7592613
6114 24706782
6114 26510530
6424 11676606
6425 11676606
6426 11676606
6530 8627329
6531 8627329
6591 9654101
7148 8942648
7149 8942648
7150 8942648
7151 8942648
7152 8942648
7153 8942648
7228 14769026
7229 14769026
7238 14769026
7243 14769026
7244 14769026
7246 14769026
7247 14769026
7249 14769026
7265 24706782
7265 26510530
7289 2592374
7290 2592374
7291 2592374
7292 2592374
7293 2592374
7294 2592374
7400 1898343
7401 7514386
7401 10207177
7402 10200178
7403 21573946
7404 17293352
7406 7525874
7407 7525874
7408 10200178
7409 1323463
7409 2001693
7409 2040277
7409 2040278
7409 3191509
7409 3345749
7409 3345750
7409 3665914
7409 3665919
7409 3967649
7409 6327299
7409 7635154
7409 7635155
7409 8034632
7409 8193552
7409 8436110
7409 8631363
7409 9076522
7409 9376680
7409 9530955
7409 18214858
7410 19343721
7411 16834341
7412 16834341
7413 7525874
7415 21573946
7416 2514791
7418 17956937
7419 19088065
7420 18729387
7421 18214858
7422 10207177
7423 1323463
7423 2001693
7423 2040277
7423 2040278
7423 3191509
7423 3665914
7423 3665919
7423 3967649
7423 7635154
7423 7635155
7423 8034632
7423 8130392
7423 8193552
7423 8436110
7423 8631363
7423 9076522
7423 9376680
7423 9530955
7423 19343721
7424 1457969
7424 1820200
7425 11676606
7426 10200178
7427 17293352
7429 17956937
7431 18214858
7432 15536627
7433 18642129
7435 19088065
7437 17293352
7438 18642129
7439 15702487
7439 24706782
7439 26510530
7440 17956937
7441 1898343
7442 1457969
7442 1820200
7443 17956937
7443 18642129
7444 10207177
7444 21573946
7445 2514791
7445 4077844
7446 10200178
7448 1898343
7448 10207177
7448 21573946
7449 6192908
7450 10200178
7451 1457969
7451 1820200
7452 17956937
7453 2514791
7455 10200178
7456 10200178
7457 19864504
7458 11676606
7459 10200178
7460 1457969
7460 1820200
7461 10200178
7462 10207177
7463 10207177
7464 18642129
7465 18729387
7466 1898343
7467 10207177
7467 19864504
7468 18214858
7469 18214858
7471 1323463
7471 2001693
7471 2040277
7471 2040278
7471 3191509
7471 3665914
7471 3665919
7471 3967649
7471 7635154
7471 7635155
7471 8034632
7471 8130392
7471 8193552
7471 8436110
7471 8631363
7471 9076522
7471 9376680
7471 9530955
7471 17956937
7471 19343721
7472 19864504
7473 10200178
7474 1898343
7475 7525874
7476 1323463
7476 2001693
7476 2040277
7476 2040278
7476 3191509
7476 3665914
7476 3665919
7476 3967649
7476 7635154
7476 7635155
7476 8034632
7476 8130392
7476 8193552
7476 8436110
7476 8631363
7476 9076522
7476 9376680
7476 9530955
7476 11676606
7476 17956937
7476 19343721
7476 21053369
7478 11447134
7479 1898343
7486 15454184
7486 16834341
7486 19343721
7487 10200178
7488 2514791
7491 15454184
7491 15536627
7491 16834341
7493 19864504
7494 10200178
7495 21573946
7496 2514791
7497 10200178
7499 7514386
7499 10207177
7501 19343721
7502 16834341
7503 7514386
7503 10207177
7504 7525874
7506 9136890
7507 15454184
7508 7525874
7509 2514791
7510 18642129
7511 21573946
7512 10200178
7513 19864504
7515 17956937
7516 2514791
7517 11447134
7518 19343721
7519 2514791
7520 10200178
7521 7525874
7522 10200178
7523 1323463
7523 2001693
7523 2040277
7523 2040278
7523 3191509
7523 3345749
7523 3345750
7523 3665914
7523 3665919
7523 3967649
7523 6327299
7523 7635154
7523 7635155
7523 8034632
7523 8193552
7523 8436110
7523 8631363
7523 9076522
7523 9376680
7523 9530955
7523 15536627
7523 16834341
7523 18214858
7524 1898343
7525 7525874
7525 17293352
7526 10200178
7527 18729387
7528 1457969
7528 1820200
7529 1323463
7529 2001693
7529 2040277
7529 2040278
7529 3191509
7529 3345749
7529 3345750
7529 3665914
7529 3665919
7529 3967649
7529 6327299
7529 7635154
7529 7635155
7529 8034632
7529 8193552
7529 8436110
7529 8631363
7529 9076522
7529 9376680
7529 9530955
7529 18214858
7530 7514386
7530 10207177
7530 10677208
7530 11447134
7531 15454184
7532 10200178
7533 18214858
7535 18729387
7536 10200178
7537 18642129
7538 10207177
7539 7514386
7539 10207177
7541 15702487
7542 21573946
7543 1323463
7543 2001693
7543 2040277
7543 2040278
7543 3191509
7543 3665914
7543 3665919
7543 3967649
7543 7635154
7543 7635155
7543 8034632
7543 8130392
7543 8193552
7543 8436110
7543 8631363
7543 9076522
7543 9376680
7543 9530955
7543 17956937
7543 19343721
7544 17956937
7545 7525874
7546 21573946
7547 6192908
7548 15454184
7548 15702487
7549 18642129
7550 19088065
7551 2514791
7552 1898343
7552 21573946
7553 1457969
7553 1820200
7554 17956937
7556 17293352
7557 1323463
7557 2001693
7557 2040277
7557 2040278
7557 3191509
7557 3345749
7557 3345750
7557 3665914
7557 3665919
7557 3967649
7557 6327299
7557 7635154
7557 7635155
7557 8034632
7557 8193552
7557 8436110
7557 8631363
7557 9076522
7557 9376680
7557 9530955
7557 18214858
7558 2514791
7559 19088065
7560 16834341
7561 18642129
7562 10200178
7563 1898343
7564 16834341
7565 11447134
7566 2514791
7568 15702487
7569 21573946
7570 17956937
7571 10200178
7573 11676606
7574 19864504
7575 10200178
7576 19343721
7577 21573946
7578 17293352
7580 10200178
7581 10200178
7582 16834341
7583 21573946
7584 1323463
7584 2001693
7584 2040277
7584 2040278
7584 3191509
7584 3345749
7584 3345750
7584 3665914
7584 3665919
7584 3967649
7584 6327299
7584 7635154
7584 7635155
7584 8034632
7584 8193552
7584 8436110
7584 8631363
7584 9076522
7584 9376680
7584 9530955
7584 18214858
7585 1323463
7585 2001693
7585 2040277
7585 2040278
7585 3191509
7585 3345749
7585 3345750
7585 3665914
7585 3665919
7585 3967649
7585 6327299
7585 7635154
7585 7635155
7585 8034632
7585 8193552
7585 8436110
7585 8631363
7585 9076522
7585 9376680
7585 9530955
7585 18214858
7586 19088065
7588 10207177
7589 17956937
7590 17956937
7591 10200178
7592 18729387
7594 16834341
7595 11447134
7597 1323463
7597 2001693
7597 2040277
7597 2040278
7597 3191509
7597 3345749
7597 3345750
7597 3665914
7597 3665919
7597 3967649
7597 6327299
7597 7635154
7597 7635155
7597 8034632
7597 8193552
7597 8436110
7597 8631363
7597 9076522
7597 9376680
7597 9530955
7597 18214858
7598 10200178
7599 21053369
7600 17293352
7601 18729387
7602 7525874
7603 1323463
7603 2001693
7603 2040277
7603 2040278
7603 3191509
7603 3665914
7603 3665919
7603 3967649
7603 7635154
7603 7635155
7603 8034632
7603 8130392
7603 8193552
7603 8436110
7603 8631363
7603 9076522
7603 9376680
7603 9530955
7605 10200178
7606 15454184
7606 16834341
7607 1898343
7607 10207177
7607 21573946
7608 11447134
7609 10207177
7610 1323463
7610 2001693
7610 2040277
7610 2040278
7610 3191509
7610 3665914
7610 3665919
7610 3967649
7610 7635154
7610 7635155
7610 8034632
7610 8130392
7610 8193552
7610 8436110
7610 8631363
7610 9076522
7610 9376680
7610 9530955
7610 16834341
7611 17956937
7612 1898343
7614 10200178
7615 1898343
7615 10207177
7615 21573946
7619 10200178
7619 15454184
7619 15702487
7620 1323463
7620 2001693
7620 2040277
7620 2040278
7620 3191509
7620 3345749
7620 3345750
7620 3665914
7620 3665919
7620 3967649
7620 6327299
7620 7635154
7620 7635155
7620 8034632
7620 8193552
7620 8436110
7620 8631363
7620 9076522
7620 9376680
7620 9530955
7620 11676606
7620 17956937
7620 18214858
7621 18729387
7621 24090084
7622 15536627
7624 1323463
7624 2001693
7624 2040277
7624 2040278
7624 3191509
7624 3345749
7624 3345750
7624 3665914
7624 3665919
7624 3967649
7624 6327299
7624 7635154
7624 7635155
7624 8034632
7624 8193552
7624 8436110
7624 8631363
7624 9076522
7624 9376680
7624 9530955
7624 18214858
7625 16834341
7626 1323463
7626 2001693
7626 2040277
7626 2040278
7626 3191509
7626 3345749
7626 3345750
7626 3665914
7626 3665919
7626 3967649
7626 6327299
7626 7635154
7626 7635155
7626 8034632
7626 8193552
7626 8436110
7626 8631363
7626 9076522
7626 9376680
7626 9530955
7626 18214858
7627 2514791
7628 10207177
7629 19088065
7630 1323463
7630 2001693
7630 2040277
7630 2040278
7630 3191509
7630 3345749
7630 3345750
7630 3665914
7630 3665919
7630 3967649
7630 6327299
7630 7635154
7630 7635155
7630 8034632
7630 8193552
7630 8436110
7630 8631363
7630 9076522
7630 9376680
7630 9530955
7630 18214858
7631 17956937
7632 1898343
7633 1457969
7633 1820200
7636 18214858
7637 19088065
7638 10200178
7639 16834341
7640 16834341
7641 10200178
7641 18729387
7642 10207177
7643 1323463
7643 2001693
7643 2040277
7643 2040278
7643 3191509
7643 3665914
7643 3665919
7643 3967649
7643 7635154
7643 7635155
7643 8034632
7643 8130392
7643 8193552
7643 8436110
7643 8631363
7643 9076522
7643 9376680
7643 9530955
7643 11676606
7643 17956937
7643 18642129
7643 19343721
7645 18642129
7646 17293352
7648 1323463
7648 2001693
7648 2040277
7648 2040278
7648 3191509
7648 3345749
7648 3345750
7648 3665914
7648 3665919
7648 3967649
7648 6327299
7648 7635154
7648 7635155
7648 8034632
7648 8193552
7648 8436110
7648 8631363
7648 9076522
7648 9376680
7648 9530955
7648 18214858
7649 7525874
7650 19088065
7652 17956937
7653 1898343
7653 10207177
7654 2514791
7656 21573946
7657 6192908
7659 10200178
7660 2514791
7661 17956937
7662 11676606
7662 17956937
7662 19088065
7663 2514791
7665 23001782
7666 2136357
7666 2514791
7666 2573604
7666 4077844
7666 7514386
7666 9884403
7666 10207177
7666 11676606
7666 17293352
7666 24090084
7667 1457969
7667 1820200
7668 18214858
7669 21573946
7670 19088065
7671 17956937
7672 1898343
7673 1898343
7674 23001782
7675 17956937
7676 18729387
7678 10200178
7678 24706782
7678 26510530
7679 11447134
7680 10200178
7681 23001782
7682 17956937
7683 17293352
7686 2514791
7687 17956937
7688 1323463
7688 2001693
7688 2040277
7688 2040278
7688 3191509
7688 3345749
7688 3345750
7688 3665914
7688 3665919
7688 3967649
7688 6327299
7688 7635154
7688 7635155
7688 8034632
7688 8193552
7688 8436110
7688 8631363
7688 9076522
7688 9376680
7688 9530955
7688 18214858
7691 10200178
7692 1323463
7692 2001693
7692 2040277
7692 2040278
7692 3191509
7692 3665914
7692 3665919
7692 3967649
7692 7635154
7692 7635155
7692 8034632
7692 8130392
7692 8193552
7692 8436110
7692 8631363
7692 9076522
7692 9376680
7692 9530955
7692 19343721
7693 10200178
7694 17956937
7696 1457969
7696 1820200
7697 7525874
7698 15536627
7703 21573946
7704 19088065
7706 1898343
7708 1323463
7708 2001693
7708 2040277
7708 2040278
7708 3191509
7708 3345749
7708 3345750
7708 3665914
7708 3665919
7708 3967649
7708 6327299
7708 7635154
7708 7635155
7708 8034632
7708 8193552
7708 8436110
7708 8631363
7708 9076522
7708 9376680
7708 9530955
7708 18214858
7709 1457969
7709 1820200
7710 17956937
7712 2514791
7713 18214858
7714 18214858
7715 10207177
7716 17956937
7717 1323463
7717 2001693
7717 2040277
7717 2040278
7717 3191509
7717 3345749
7717 3345750
7717 3665914
7717 3665919
7717 3967649
7717 6327299
7717 7635154
7717 7635155
7717 8034632
7717 8193552
7717 8436110
7717 8631363
7717 9076522
7717 9376680
7717 9530955
7717 18214858
7718 1323463
7718 2001693
7718 2040277
7718 2040278
7718 3191509
7718 3345749
7718 3345750
7718 3665914
7718 3665919
7718 3967649
7718 6327299
7718 7635154
7718 7635155
7718 8034632
7718 8193552
7718 8436110
7718 8631363
7718 9076522
7718 9376680
7718 9530955
7718 18214858
7720 21573946
7721 7525874
7722 6192908
7722 7525874
7723 18214858
7724 10200178
7725 16834341
7726 21573946
7727 1457969
7727 1820200
7728 16834341
7729 19864504
7730 9136890
7731 7525874
7732 1323463
7732 2001693
7732 2040277
7732 2040278
7732 3191509
7732 3345749
7732 3345750
7732 3665914
7732 3665919
7732 3967649
7732 6327299
7732 7635154
7732 7635155
7732 8034632
7732 8193552
7732 8436110
7732 8631363
7732 9076522
7732 9376680
7732 9530955
7732 18214858
7733 18729387
7734 1457969
7734 1820200
7735 19864504
7736 2514791
7736 17293352
7737 17293352
7738 6192908
7738 7525874
7739 15536627
7740 18214858
7741 1898343
7741 7514386
7741 10207177
7742 16834341
7744 7514386
7744 10207177
7746 7525874
7747 16834341
7749 17956937
7750 16834341
7751 17956937
7752 1323463
7752 2001693
7752 2040277
7752 2040278
7752 3191509
7752 3345749
7752 3345750
7752 3665914
7752 3665919
7752 3967649
7752 6327299
7752 7635154
7752 7635155
7752 8034632
7752 8193552
7752 8436110
7752 8631363
7752 9076522
7752 9376680
7752 9530955
7752 18214858
7753 9136890
7754 17956937
7755 10200178
7756 19343721
7757 10200178
7758 21573946
7760 1898343
7760 7514386
7760 10207177
7760 19864504
7761 17956937
7762 2514791
7763 23001782
7764 23001782
7765 17293352
7766 2514791
7767 17956937
7768 17956937
7769 7525874
7770 6192908
7771 21573946
7772 18642129
7773 17956937
7774 10200178
7775 11676606
7776 19343721
7778 10200178
7779 18729387
7781 10200178
7782 1323463
7782 2001693
7782 2040277
7782 2040278
7782 3191509
7782 3345749
7782 3345750
7782 3665914
7782 3665919
7782 3967649
7782 6327299
7782 7635154
7782 7635155
7782 8034632
7782 8193552
7782 8436110
7782 8631363
7782 9076522
7782 9376680
7782 9530955
7782 18214858
7783 7525874
7784 1323463
7784 2001693
7784 2040277
7784 2040278
7784 3191509
7784 3345749
7784 3345750
7784 3665914
7784 3665919
7784 3967649
7784 6327299
7784 7635154
7784 7635155
7784 8034632
7784 8193552
7784 8436110
7784 8631363
7784 9076522
7784 9376680
7784 9530955
7784 18214858
7786 10207177
7787 17293352
7788 18214858
7789 7514386
7789 10207177
7790 18642129
7792 10200178
7793 21573946
7794 18642129
7796 1323463
7796 2001693
7796 2040277
7796 2040278
7796 3191509
7796 3665914
7796 3665919
7796 3967649
7796 7635154
7796 7635155
7796 8034632
7796 8130392
7796 8193552
7796 8436110
7796 8631363
7796 9076522
7796 9376680
7796 9530955
7796 11676606
7796 19088065
7796 19343721
7797 2514791
7799 1323463
7799 2001693
7799 2040277
7799 2040278
7799 3191509
7799 3345749
7799 3345750
7799 3665914
7799 3665919
7799 3967649
7799 6327299
7799 7635154
7799 7635155
7799 8034632
7799 8193552
7799 8436110
7799 8631363
7799 9076522
7799 9376680
7799 9530955
7799 18214858
7800 7514386
7800 10207177
7801 11676606
7802 1323463
7802 2001693
7802 2040277
7802 2040278
7802 3191509
7802 3345749
7802 3345750
7802 3665914
7802 3665919
7802 3967649
7802 6327299
7802 7635154
7802 7635155
7802 8034632
7802 8193552
7802 8436110
7802 8631363
7802 9076522
7802 9376680
7802 9530955
7802 18214858
7803 11447134
7804 19088065
7805 15454184
7806 10200178
7807 10207177
7807 19864504
7808 2514791
7810 11447134
7811 1820200
7812 7514386
7812 10207177
7813 11676606
7813 17956937
7813 19088065
7815 1457969
7816 17956937
7817 17956937
7818 17956937
7819 2514791
7820 1323463
7820 2001693
7820 2040277
7820 2040278
7820 3191509
7820 3345749
7820 3345750
7820 3665914
7820 3665919
7820 3967649
7820 6327299
7820 7635154
7820 7635155
7820 8034632
7820 8193552
7820 8436110
7820 8631363
7820 9076522
7820 9376680
7820 9530955
7820 18214858
7823 10207177
7826 10200178
7828 19343721
7829 10207177
7829 21573946
7830 1457969
7830 1820200
7831 15536627
7831 16834341
7831 18214858
7832 1457969
7832 1820200
7833 1323463
7833 2001693
7833 2040277
7833 2040278
7833 3191509
7833 3665914
7833 3665919
7833 3967649
7833 7635154
7833 7635155
7833 8034632
7833 8130392
7833 8193552
7833 8436110
7833 8631363
7833 9076522
7833 9376680
7833 9530955
7833 19343721
7834 23001782
7836 19864504
7837 7525874
7838 16834341
7839 10200178
7840 2514791
7841 11447134
7842 18214858
7843 21573946
7844 1898343
7846 23001782
7847 18729387
7848 10207177
7849 17293352
7853 2514791
7854 10200178
7855 1323463
7855 2001693
7855 2040277
7855 2040278
7855 3191509
7855 3345749
7855 3345750
7855 3665914
7855 3665919
7855 3967649
7855 6327299
7855 7635154
7855 7635155
7855 8034632
7855 8193552
7855 8436110
7855 8631363
7855 9076522
7855 9376680
7855 9530955
7855 18214858
7856 10200178
7857 15454184
7858 10200178
7860 19088065
7862 17956937
7862 18642129
7863 23001782
7864 7525874
7865 2514791
7866 16834341
7867 1323463
7867 2001693
7867 2040277
7867 2040278
7867 3191509
7867 3345749
7867 3345750
7867 3665914
7867 3665919
7867 3967649
7867 6327299
7867 7635154
7867 7635155
7867 8034632
7867 8193552
7867 8436110
7867 8631363
7867 9076522
7867 9376680
7867 9530955
7867 18214858
7868 7514386
7868 10207177
7868 17293352
7868 24706782
7868 26510530
7869 18642129
7873 1323463
7873 2001693
7873 2040277
7873 2040278
7873 3191509
7873 3345749
7873 3345750
7873 3665914
7873 3665919
7873 3967649
7873 6327299
7873 7635154
7873 7635155
7873 8034632
7873 8130392
7873 8193552
7873 8436110
7873 8631363
7873 9076522
7873 9376680
7873 9530955
7874 18729387
7875 10814696
7875 11676606
7875 18729387
7875 19864504
7876 2514791
7879 1323463
7879 2001693
7879 2040277
7879 2040278
7879 3191509
7879 3345749
7879 3345750
7879 3665914
7879 3665919
7879 3967649
7879 6327299
7879 7635154
7879 7635155
7879 8034632
7879 8193552
7879 8436110
7879 8631363
7879 9076522
7879 9376680
7879 9530955
7879 18214858
7880 17956937
7881 1323463
7881 2001693
7881 2040277
7881 2040278
7881 3191509
7881 3665914
7881 3665919
7881 3967649
7881 7635154
7881 7635155
7881 8034632
7881 8130392
7881 8193552
7881 8436110
7881 8631363
7881 9076522
7881 9376680
7881 9530955
7881 19343721
7882 10200178
7883 10207177
7884 17956937
7885 16834341
7894 24090084
7895 24090084
7896 24090084
7897 24090084
7899 24090084
7901 24090084
7906 24090084
7907 24090084
7909 24090084
7913 24090084
7919 24090084
7920 24090084
7924 1997323
7924 24090084
7928 24090084
7929 24090084
7930 24090084
7931 24090084
7936 24090084
7939 24090084
7940 24090084
7941 24090084
7942 24090084
7943 24090084
7946 24090084
7947 24090084
7948 24090084
7949 24090084
7953 24090084
7954 24090084
7955 24090084
7958 24090084
7959 24090084
7966 24090084
7967 24090084
8051 21852454
8051 23829188
8051 24698316
8088 21852454
8088 23829188
8088 24698316
8093 1323463
8093 2001693
8093 2040277
8093 2040278
8093 2226797
8093 2513186
8093 3191509
8093 3665914
8093 3665919
8093 3967649
8093 7635154
8093 7635155
8093 8034632
8093 8130392
8093 8193552
8093 8436110
8093 8631363
8093 8687384
8093 9076522
8093 9376680
8093 9530955
8093 24090084
8102 24706782
8104 1323463
8104 2001693
8104 2040277
8104 2040278
8104 3191509
8104 3665914
8104 3665919
8104 3967649
8104 7635154
8104 7635155
8104 8034632
8104 8130392
8104 8193552
8104 8436110
8104 8631363
8104 9076522
8104 9376680
8104 9530955
8104 19343721
8110 21852454
8110 23829188
8110 24698316
8155 21852454
8155 23829188
8155 24698316
8171 21852454
8171 23829188
8171 24698316
8227 24090084
8234 24090084
85801407 24706782
85801407 26510530
210519001 24706782
210519001 26510530
210519004 24706782
210519004 26510530
210519010 24706782
210519010 26510530
210519014 24706782
210519015 24706782
210519015 26510530
210519018 24706782
210519021 24706782
210519021 26510530
483607352 24706782
483607352 26510530
615483027 24706782
663064131 24706782
663064131 26510530
810439162 24706782
822883402 24706782
822883402 26510530
893355264 24706782
989323227 24706782
HexNAc0Hex0dHex0NeuAc0NeuGc0Pent0S0P0KDN0HexA0 16170054
HexNAc0Hex0dHex0NeuAc0NeuGc0Pent0S0P0KDN0HexA0 16321355
HexNAc0Hex0dHex0NeuAc0NeuGc0Pent0S0P0KDN0HexA0 23345538
HexNAc0Hex0dHex0NeuAc0NeuGc0Pent0S0P0KDN0HexA0 24393138
HexNAc0Hex0dHex0NeuAc0NeuGc0Pent0S0P0KDN0HexA0 24841998
HexNAc0Hex0dHex0NeuAc0NeuGc0Pent0S0P0KDN0HexA0 26791533
HexNAc0Hex0dHex0NeuAc0NeuGc0Pent0S0P0KDN0HexA0 29671580
HexNAc0Hex0dHex0NeuAc0NeuGc0Pent0S0P0KDN0HexA0 29741879
HexNAc0Hex0dHex0NeuAc0NeuGc0Pent0S0P0KDN0HexA0 30459171
HexNAc1Hex0dHex0NeuAc0NeuGc0Pent0S0P0KDN0HexA0 22171320
HexNAc1Hex0dHex0NeuAc0NeuGc0Pent0S0P0KDN0HexA0 23234360
HexNAc1Hex0dHex0NeuAc0NeuGc0Pent0S0P0KDN0HexA0 24393138
HexNAc1Hex0dHex0NeuAc0NeuGc0Pent0S0P0KDN0HexA0 26598643
HexNAc1Hex0dHex0NeuAc0NeuGc0Pent0S0P0KDN0HexA0 29671580
HexNAc1Hex0dHex0NeuAc0NeuGc0Pent0S0P0KDN0HexA0 30459171
HexNAc1Hex1dHex0NeuAc0NeuGc0Pent0S0P0KDN0HexA0 16321355
HexNAc1Hex1dHex0NeuAc0NeuGc0Pent0S0P0KDN0HexA0 22171320
HexNAc1Hex1dHex0NeuAc0NeuGc0Pent0S0P0KDN0HexA0 23234360
HexNAc1Hex1dHex0NeuAc0NeuGc0Pent0S0P0KDN0HexA0 26598643
HexNAc1Hex1dHex0NeuAc0NeuGc0Pent0S0P0KDN0HexA0 29671580
HexNAc1Hex1dHex0NeuAc0NeuGc0Pent0S0P0KDN0HexA0 29741879
HexNAc1Hex1dHex0NeuAc0NeuGc0Pent0S0P0KDN0HexA0 30459171
HexNAc1Hex1dHex0NeuAc1NeuGc0Pent0S0P0KDN0HexA0 26598643
HexNAc1Hex1dHex0NeuAc1NeuGc0Pent0S0P0KDN0HexA0 29671580
HexNAc1Hex1dHex0NeuAc1NeuGc0Pent0S0P0KDN0HexA0 30459171
HexNAc1Hex1dHex0NeuAc2NeuGc0Pent0S0P0KDN0HexA0 26598643
HexNAc1Hex1dHex0NeuAc2NeuGc0Pent0S0P0KDN0HexA0 30459171
HexNAc2Hex0dHex0NeuAc0NeuGc0Pent0S0P0KDN0HexA0 26598643
HexNAc2Hex0dHex0NeuAc0NeuGc0Pent0S0P0KDN0HexA0 30459171
HexNAc2Hex1dHex0NeuAc0NeuGc0Pent0S0P0KDN0HexA0 22171320
HexNAc2Hex1dHex0NeuAc0NeuGc0Pent0S0P0KDN0HexA0 23234360
HexNAc2Hex1dHex0NeuAc0NeuGc0Pent0S0P0KDN0HexA0 23345538
HexNAc2Hex1dHex0NeuAc0NeuGc0Pent0S0P0KDN0HexA0 24090084
HexNAc2Hex1dHex0NeuAc0NeuGc0Pent0S0P0KDN0HexA0 24766575
HexNAc2Hex1dHex0NeuAc0NeuGc0Pent0S0P0KDN0HexA0 24841998
HexNAc2Hex1dHex0NeuAc0NeuGc0Pent0S0P0KDN0HexA0 26598643
HexNAc2Hex1dHex0NeuAc0NeuGc0Pent0S0P0KDN0HexA0 29671580
HexNAc2Hex1dHex0NeuAc0NeuGc0Pent0S0P0KDN0HexA0 29741879
HexNAc2Hex1dHex0NeuAc0NeuGc0Pent0S0P0KDN0HexA0 30459171
HexNAc2Hex1dHex1NeuAc0NeuGc0Pent0S0P0KDN0HexA0 23345538
HexNAc2Hex1dHex1NeuAc0NeuGc0Pent0S0P0KDN0HexA0 24090084
HexNAc2Hex2dHex0NeuAc0NeuGc0Pent0S0P0KDN0HexA0 22171320
HexNAc2Hex2dHex0NeuAc0NeuGc0Pent0S0P0KDN0HexA0 23234360
HexNAc2Hex2dHex0NeuAc0NeuGc0Pent0S0P0KDN0HexA0 26598643
HexNAc2Hex2dHex0NeuAc0NeuGc0Pent0S0P0KDN0HexA0 29671580
HexNAc2Hex2dHex0NeuAc0NeuGc0Pent0S0P0KDN0HexA0 30459171
HexNAc2Hex2dHex1NeuAc0NeuGc0Pent0S0P0KDN0HexA0 22171320
HexNAc2Hex2dHex1NeuAc0NeuGc0Pent0S0P0KDN0HexA0 23234360
HexNAc2Hex3dHex0NeuAc0NeuGc0Pent0S0P0KDN0HexA0 23345538
HexNAc2Hex3dHex0NeuAc0NeuGc0Pent0S0P0KDN0HexA0 24090084
HexNAc2Hex3dHex0NeuAc0NeuGc0Pent0S0P0KDN0HexA0 24766575
HexNAc2Hex3dHex0NeuAc0NeuGc0Pent0S0P0KDN0HexA0 24841998
HexNAc2Hex3dHex0NeuAc0NeuGc0Pent0S0P0KDN0HexA0 26791533
HexNAc2Hex3dHex1NeuAc0NeuGc0Pent0S0P0KDN0HexA0 23345538
HexNAc2Hex3dHex1NeuAc0NeuGc0Pent0S0P0KDN0HexA0 24090084
HexNAc2Hex3dHex1NeuAc0NeuGc0Pent0S0P0KDN0HexA0 24766575
HexNAc2Hex3dHex1NeuAc0NeuGc0Pent0S0P0KDN0HexA0 29671580
HexNAc2Hex4dHex0NeuAc0NeuGc0Pent0S0P0KDN0HexA0 23345538
HexNAc2Hex4dHex0NeuAc0NeuGc0Pent0S0P0KDN0HexA0 24090084
HexNAc2Hex4dHex0NeuAc0NeuGc0Pent0S0P0KDN0HexA0 26791533
HexNAc2Hex4dHex0NeuAc0NeuGc0Pent0S0P0KDN0HexA0 29671580
HexNAc2Hex4dHex1NeuAc0NeuGc0Pent0S0P0KDN0HexA0 23345538
HexNAc2Hex4dHex1NeuAc0NeuGc0Pent0S0P0KDN0HexA0 24090084
HexNAc2Hex4dHex1NeuAc0NeuGc0Pent0S0P0KDN0HexA0 24766575
HexNAc2Hex5dHex0NeuAc0NeuGc0Pent0S0P0KDN0HexA0 22171320
HexNAc2Hex5dHex0NeuAc0NeuGc0Pent0S0P0KDN0HexA0 23345538
HexNAc2Hex5dHex0NeuAc0NeuGc0Pent0S0P0KDN0HexA0 24090084
HexNAc2Hex5dHex0NeuAc0NeuGc0Pent0S0P0KDN0HexA0 24766575
HexNAc2Hex5dHex0NeuAc0NeuGc0Pent0S0P0KDN0HexA0 24841998
HexNAc2Hex5dHex0NeuAc0NeuGc0Pent0S0P0KDN0HexA0 26791533
HexNAc2Hex5dHex0NeuAc0NeuGc0Pent0S0P0KDN0HexA0 29671580
HexNAc2Hex5dHex0NeuAc0NeuGc0Pent0S0P0KDN0HexA0 30659065
HexNAc2Hex5dHex1NeuAc0NeuGc0Pent0S0P0KDN0HexA0 23345538
HexNAc2Hex5dHex1NeuAc0NeuGc0Pent0S0P0KDN0HexA0 24090084
HexNAc2Hex5dHex1NeuAc0NeuGc0Pent0S0P0KDN0HexA0 26791533
HexNAc2Hex6dHex0NeuAc0NeuGc0Pent0S0P0KDN0HexA0 23345538
HexNAc2Hex6dHex0NeuAc0NeuGc0Pent0S0P0KDN0HexA0 24090084
HexNAc2Hex6dHex0NeuAc0NeuGc0Pent0S0P0KDN0HexA0 24766575
HexNAc2Hex6dHex0NeuAc0NeuGc0Pent0S0P0KDN0HexA0 26791533
HexNAc2Hex6dHex0NeuAc0NeuGc0Pent0S0P0KDN0HexA0 29671580
HexNAc2Hex6dHex0NeuAc0NeuGc0Pent0S0P0KDN0HexA0 29741879
HexNAc2Hex6dHex0NeuAc0NeuGc0Pent0S0P0KDN0HexA0 30659065
HexNAc2Hex6dHex1NeuAc0NeuGc0Pent0S0P0KDN0HexA0 23345538
HexNAc2Hex6dHex1NeuAc0NeuGc0Pent0S0P0KDN0HexA0 24090084
HexNAc2Hex7dHex0NeuAc0NeuGc0Pent0S0P0KDN0HexA0 22171320
HexNAc2Hex7dHex0NeuAc0NeuGc0Pent0S0P0KDN0HexA0 23345538
HexNAc2Hex7dHex0NeuAc0NeuGc0Pent0S0P0KDN0HexA0 24090084
HexNAc2Hex7dHex0NeuAc0NeuGc0Pent0S0P0KDN0HexA0 24766575
HexNAc2Hex7dHex0NeuAc0NeuGc0Pent0S0P0KDN0HexA0 24841998
HexNAc2Hex7dHex0NeuAc0NeuGc0Pent0S0P0KDN0HexA0 26791533
HexNAc2Hex7dHex0NeuAc0NeuGc0Pent0S0P0KDN0HexA0 29671580
HexNAc2Hex7dHex0NeuAc0NeuGc0Pent0S0P0KDN0HexA0 30659065
HexNAc2Hex7dHex1NeuAc0NeuGc0Pent0S0P0KDN0HexA0 23345538
HexNAc2Hex8dHex0NeuAc0NeuGc0Pent0S0P0KDN0HexA0 22171320
HexNAc2Hex8dHex0NeuAc0NeuGc0Pent0S0P0KDN0HexA0 23345538
HexNAc2Hex8dHex0NeuAc0NeuGc0Pent0S0P0KDN0HexA0 24090084
HexNAc2Hex8dHex0NeuAc0NeuGc0Pent0S0P0KDN0HexA0 24766575
HexNAc2Hex8dHex0NeuAc0NeuGc0Pent0S0P0KDN0HexA0 24841998
HexNAc2Hex8dHex0NeuAc0NeuGc0Pent0S0P0KDN0HexA0 29671580
HexNAc2Hex8dHex0NeuAc0NeuGc0Pent0S0P0KDN0HexA0 30659065
HexNAc2Hex8dHex1NeuAc0NeuGc0Pent0S0P0KDN0HexA0 23345538
HexNAc2Hex9dHex0NeuAc0NeuGc0Pent0S0P0KDN0HexA0 23345538
HexNAc2Hex9dHex0NeuAc0NeuGc0Pent0S0P0KDN0HexA0 24090084
HexNAc2Hex9dHex0NeuAc0NeuGc0Pent0S0P0KDN0HexA0 29671580
HexNAc2Hex9dHex0NeuAc0NeuGc0Pent0S0P0KDN0HexA0 29741879
HexNAc2Hex9dHex0NeuAc0NeuGc0Pent0S0P0KDN0HexA0 30659065
HexNAc2Hex9dHex1NeuAc0NeuGc0Pent0S0P0KDN0HexA0 24090084
HexNAc3Hex0dHex0NeuAc0NeuGc0Pent0S0P0KDN0HexA0 30459171
HexNAc3Hex1dHex0NeuAc0NeuGc0Pent0S0P0KDN0HexA0 26598643
HexNAc3Hex1dHex0NeuAc0NeuGc0Pent0S0P0KDN0HexA0 30459171
HexNAc3Hex2dHex0NeuAc0NeuGc0Pent0S0P0KDN0HexA0 30459171
HexNAc3Hex3dHex0NeuAc0NeuGc0Pent0S0P0KDN0HexA0 22171320
HexNAc3Hex3dHex0NeuAc0NeuGc0Pent0S0P0KDN0HexA0 23345538
HexNAc3Hex3dHex0NeuAc0NeuGc0Pent0S0P0KDN0HexA0 24090084
HexNAc3Hex3dHex0NeuAc0NeuGc0Pent0S0P0KDN0HexA0 24766575
HexNAc3Hex3dHex0NeuAc0NeuGc0Pent0S0P0KDN0HexA0 24841998
HexNAc3Hex3dHex0NeuAc0NeuGc0Pent0S0P0KDN0HexA0 26598643
HexNAc3Hex3dHex0NeuAc0NeuGc0Pent0S0P0KDN0HexA0 29671580
HexNAc3Hex3dHex0NeuAc0NeuGc0Pent0S0P0KDN0HexA0 30459171
HexNAc3Hex3dHex0NeuAc0NeuGc0Pent0S0P0KDN0HexA0 30659065
HexNAc3Hex3dHex1NeuAc0NeuGc0Pent0S0P0KDN0HexA0 23345538
HexNAc3Hex3dHex1NeuAc0NeuGc0Pent0S0P0KDN0HexA0 24090084
HexNAc3Hex3dHex1NeuAc0NeuGc0Pent0S0P0KDN0HexA0 24766575
HexNAc3Hex3dHex1NeuAc0NeuGc0Pent0S0P0KDN0HexA0 24841998
HexNAc3Hex3dHex1NeuAc0NeuGc0Pent0S0P0KDN0HexA0 26791533
HexNAc3Hex3dHex1NeuAc0NeuGc0Pent0S0P0KDN0HexA0 29671580
HexNAc3Hex4dHex0NeuAc0NeuGc0Pent0S0P0KDN0HexA0 23345538
HexNAc3Hex4dHex0NeuAc0NeuGc0Pent0S0P0KDN0HexA0 24090084
HexNAc3Hex4dHex0NeuAc0NeuGc0Pent0S0P0KDN0HexA0 24766575
HexNAc3Hex4dHex0NeuAc0NeuGc0Pent0S0P0KDN0HexA0 24841998
HexNAc3Hex4dHex0NeuAc0NeuGc0Pent0S0P0KDN0HexA0 29671580
HexNAc3Hex4dHex0NeuAc0NeuGc0Pent0S0P0KDN0HexA0 30659065
HexNAc3Hex4dHex0NeuAc1NeuGc0Pent0S0P0KDN0HexA0 22171320
HexNAc3Hex4dHex0NeuAc1NeuGc0Pent0S0P0KDN0HexA0 24393138
HexNAc3Hex4dHex0NeuAc1NeuGc0Pent0S0P0KDN0HexA0 24766575
HexNAc3Hex4dHex0NeuAc1NeuGc0Pent0S0P0KDN0HexA0 24841998
HexNAc3Hex4dHex0NeuAc1NeuGc0Pent0S0P0KDN0HexA0 29671580
HexNAc3Hex4dHex0NeuAc1NeuGc0Pent0S0P0KDN0HexA0 29741879
HexNAc3Hex4dHex0NeuAc1NeuGc0Pent0S0P0KDN0HexA0 30659065
HexNAc3Hex4dHex1NeuAc0NeuGc0Pent0S0P0KDN0HexA0 23345538
HexNAc3Hex4dHex1NeuAc0NeuGc0Pent0S0P0KDN0HexA0 24090084
HexNAc3Hex4dHex1NeuAc0NeuGc0Pent0S0P0KDN0HexA0 24766575
HexNAc3Hex4dHex1NeuAc0NeuGc0Pent0S0P0KDN0HexA0 24841998
HexNAc3Hex4dHex1NeuAc0NeuGc0Pent0S0P0KDN0HexA0 26791533
HexNAc3Hex4dHex1NeuAc0NeuGc0Pent0S0P0KDN0HexA0 29671580
HexNAc3Hex4dHex1NeuAc0NeuGc0Pent0S0P0KDN0HexA0 29741879
HexNAc3Hex4dHex1NeuAc0NeuGc0Pent0S0P0KDN0HexA0 30459171
HexNAc3Hex4dHex1NeuAc1NeuGc0Pent0S0P0KDN0HexA0 23345538
HexNAc3Hex4dHex1NeuAc1NeuGc0Pent0S0P0KDN0HexA0 24393138
HexNAc3Hex4dHex1NeuAc1NeuGc0Pent0S0P0KDN0HexA0 24766575
HexNAc3Hex4dHex1NeuAc1NeuGc0Pent0S0P0KDN0HexA0 24841998
HexNAc3Hex4dHex1NeuAc1NeuGc0Pent0S0P0KDN0HexA0 26791533
HexNAc3Hex4dHex1NeuAc1NeuGc0Pent0S0P0KDN0HexA0 29671580
HexNAc3Hex4dHex1NeuAc1NeuGc0Pent0S0P0KDN0HexA0 30659065
HexNAc3Hex4dHex2NeuAc0NeuGc0Pent0S0P0KDN0HexA0 24090084
HexNAc3Hex4dHex2NeuAc0NeuGc0Pent0S0P0KDN0HexA0 26791533
HexNAc3Hex4dHex2NeuAc0NeuGc0Pent0S0P0KDN0HexA0 29741879
HexNAc3Hex4dHex3NeuAc0NeuGc0Pent0S0P0KDN0HexA0 24090084
HexNAc3Hex4dHex3NeuAc0NeuGc0Pent0S0P0KDN0HexA0 29741879
HexNAc3Hex5dHex0NeuAc0NeuGc0Pent0S0P0KDN0HexA0 23345538
HexNAc3Hex5dHex0NeuAc0NeuGc0Pent0S0P0KDN0HexA0 24090084
HexNAc3Hex5dHex0NeuAc0NeuGc0Pent0S0P0KDN0HexA0 29671580
HexNAc3Hex5dHex0NeuAc0NeuGc0Pent0S0P0KDN0HexA0 30659065
HexNAc3Hex5dHex0NeuAc0NeuGc1Pent0S0P0KDN0HexA0 24090084
HexNAc3Hex5dHex0NeuAc1NeuGc0Pent0S0P0KDN0HexA0 22171320
HexNAc3Hex5dHex0NeuAc1NeuGc0Pent0S0P0KDN0HexA0 23345538
HexNAc3Hex5dHex0NeuAc1NeuGc0Pent0S0P0KDN0HexA0 24393138
HexNAc3Hex5dHex0NeuAc1NeuGc0Pent0S0P0KDN0HexA0 24766575
HexNAc3Hex5dHex0NeuAc1NeuGc0Pent0S0P0KDN0HexA0 24841998
HexNAc3Hex5dHex0NeuAc1NeuGc0Pent0S0P0KDN0HexA0 26791533
HexNAc3Hex5dHex0NeuAc1NeuGc0Pent0S0P0KDN0HexA0 29671580
HexNAc3Hex5dHex0NeuAc1NeuGc0Pent0S0P0KDN0HexA0 29741879
HexNAc3Hex5dHex0NeuAc1NeuGc0Pent0S0P0KDN0HexA0 30659065
HexNAc3Hex5dHex1NeuAc0NeuGc0Pent0S0P0KDN0HexA0 24090084
HexNAc3Hex5dHex1NeuAc0NeuGc0Pent0S0P0KDN0HexA0 24766575
HexNAc3Hex5dHex1NeuAc0NeuGc0Pent0S0P0KDN0HexA0 26791533
HexNAc3Hex5dHex1NeuAc0NeuGc0Pent0S0P0KDN0HexA0 29671580
HexNAc3Hex5dHex1NeuAc1NeuGc0Pent0S0P0KDN0HexA0 23345538
HexNAc3Hex5dHex1NeuAc1NeuGc0Pent0S0P0KDN0HexA0 24090084
HexNAc3Hex5dHex1NeuAc1NeuGc0Pent0S0P0KDN0HexA0 24766575
HexNAc3Hex5dHex1NeuAc1NeuGc0Pent0S0P0KDN0HexA0 24841998
HexNAc3Hex5dHex1NeuAc1NeuGc0Pent0S0P0KDN0HexA0 29671580
HexNAc3Hex5dHex2NeuAc0NeuGc0Pent0S0P0KDN0HexA0 24090084
HexNAc3Hex5dHex2NeuAc0NeuGc0Pent0S0P0KDN0HexA0 29741879
HexNAc3Hex5dHex2NeuAc1NeuGc0Pent0S0P0KDN0HexA0 26791533
HexNAc3Hex5dHex3NeuAc0NeuGc0Pent0S0P0KDN0HexA0 29741879
HexNAc3Hex5dHex3NeuAc1NeuGc0Pent0S0P0KDN0HexA0 26791533
HexNAc3Hex6dHex0NeuAc0NeuGc0Pent0S0P0KDN0HexA0 23345538
HexNAc3Hex6dHex0NeuAc0NeuGc0Pent0S0P0KDN0HexA0 24090084
HexNAc3Hex6dHex0NeuAc0NeuGc0Pent0S0P0KDN0HexA0 24393138
HexNAc3Hex6dHex0NeuAc0NeuGc0Pent0S0P0KDN0HexA0 24766575
HexNAc3Hex6dHex0NeuAc1NeuGc0Pent0S0P0KDN0HexA0 22171320
HexNAc3Hex6dHex0NeuAc1NeuGc0Pent0S0P0KDN0HexA0 23345538
HexNAc3Hex6dHex0NeuAc1NeuGc0Pent0S0P0KDN0HexA0 24090084
HexNAc3Hex6dHex0NeuAc1NeuGc0Pent0S0P0KDN0HexA0 24393138
HexNAc3Hex6dHex0NeuAc1NeuGc0Pent0S0P0KDN0HexA0 24766575
HexNAc3Hex6dHex0NeuAc1NeuGc0Pent0S0P0KDN0HexA0 24841998
HexNAc3Hex6dHex0NeuAc1NeuGc0Pent0S0P0KDN0HexA0 26791533
HexNAc3Hex6dHex0NeuAc1NeuGc0Pent0S0P0KDN0HexA0 29671580
HexNAc3Hex6dHex0NeuAc1NeuGc0Pent0S0P0KDN0HexA0 29741879
HexNAc3Hex6dHex0NeuAc1NeuGc0Pent0S0P0KDN0HexA0 30659065
HexNAc3Hex6dHex1NeuAc0NeuGc0Pent0S0P0KDN0HexA0 24090084
HexNAc3Hex6dHex1NeuAc0NeuGc0Pent0S0P0KDN0HexA0 24393138
HexNAc3Hex6dHex1NeuAc0NeuGc0Pent0S0P0KDN0HexA0 26791533
HexNAc3Hex6dHex1NeuAc0NeuGc0Pent0S0P0KDN0HexA0 29741879
HexNAc3Hex6dHex1NeuAc1NeuGc0Pent0S0P0KDN0HexA0 23345538
HexNAc3Hex6dHex1NeuAc1NeuGc0Pent0S0P0KDN0HexA0 24393138
HexNAc3Hex6dHex1NeuAc1NeuGc0Pent0S0P0KDN0HexA0 24766575
HexNAc3Hex6dHex1NeuAc1NeuGc0Pent0S0P0KDN0HexA0 26791533
HexNAc3Hex6dHex1NeuAc1NeuGc0Pent0S0P0KDN0HexA0 29741879
HexNAc3Hex6dHex2NeuAc0NeuGc0Pent0S0P0KDN0HexA0 26791533
HexNAc3Hex6dHex2NeuAc0NeuGc0Pent0S0P0KDN0HexA0 29741879
HexNAc3Hex6dHex3NeuAc0NeuGc0Pent0S0P0KDN0HexA0 29741879
HexNAc3Hex7dHex0NeuAc1NeuGc0Pent0S0P0KDN0HexA0 23345538
HexNAc3Hex7dHex1NeuAc1NeuGc0Pent0S0P0KDN0HexA0 29671580
HexNAc4Hex1dHex0NeuAc0NeuGc0Pent0S0P0KDN0HexA0 30459171
HexNAc4Hex2dHex0NeuAc0NeuGc0Pent0S0P0KDN0HexA0 30459171
HexNAc4Hex3dHex0NeuAc0NeuGc0Pent0S0P0KDN0HexA0 23345538
HexNAc4Hex3dHex0NeuAc0NeuGc0Pent0S0P0KDN0HexA0 24090084
HexNAc4Hex3dHex0NeuAc0NeuGc0Pent0S0P0KDN0HexA0 24766575
HexNAc4Hex3dHex0NeuAc0NeuGc0Pent0S0P0KDN0HexA0 24841998
HexNAc4Hex3dHex0NeuAc0NeuGc0Pent0S0P0KDN0HexA0 29671580
HexNAc4Hex3dHex0NeuAc0NeuGc0Pent0S0P0KDN0HexA0 30459171
HexNAc4Hex3dHex0NeuAc0NeuGc0Pent0S0P0KDN0HexA0 30659065
HexNAc4Hex3dHex0NeuAc1NeuGc0Pent0S0P0KDN0HexA0 23345538
HexNAc4Hex3dHex0NeuAc1NeuGc0Pent0S0P0KDN0HexA0 24766575
HexNAc4Hex3dHex0NeuAc1NeuGc0Pent0S0P0KDN0HexA0 24841998
HexNAc4Hex3dHex0NeuAc1NeuGc0Pent0S0P0KDN0HexA0 26791533
HexNAc4Hex3dHex0NeuAc1NeuGc0Pent0S0P0KDN0HexA0 29741879
HexNAc4Hex3dHex0NeuAc2NeuGc0Pent0S0P0KDN0HexA0 29741879
HexNAc4Hex3dHex1NeuAc0NeuGc0Pent0S0P0KDN0HexA0 23345538
HexNAc4Hex3dHex1NeuAc0NeuGc0Pent0S0P0KDN0HexA0 24090084
HexNAc4Hex3dHex1NeuAc0NeuGc0Pent0S0P0KDN0HexA0 24393138
HexNAc4Hex3dHex1NeuAc0NeuGc0Pent0S0P0KDN0HexA0 24766575
HexNAc4Hex3dHex1NeuAc0NeuGc0Pent0S0P0KDN0HexA0 24841998
HexNAc4Hex3dHex1NeuAc0NeuGc0Pent0S0P0KDN0HexA0 26791533
HexNAc4Hex3dHex1NeuAc0NeuGc0Pent0S0P0KDN0HexA0 29671580
HexNAc4Hex3dHex1NeuAc0NeuGc0Pent0S0P0KDN0HexA0 30659065
HexNAc4Hex3dHex1NeuAc1NeuGc0Pent0S0P0KDN0HexA0 23345538
HexNAc4Hex3dHex1NeuAc1NeuGc0Pent0S0P0KDN0HexA0 24393138
HexNAc4Hex3dHex2NeuAc0NeuGc0Pent0S0P0KDN0HexA0 24090084
HexNAc4Hex3dHex2NeuAc0NeuGc0Pent0S0P0KDN0HexA0 24766575
HexNAc4Hex3dHex2NeuAc0NeuGc0Pent0S0P0KDN0HexA0 24841998
HexNAc4Hex3dHex2NeuAc0NeuGc0Pent0S0P0KDN0HexA0 26791533
HexNAc4Hex3dHex2NeuAc1NeuGc0Pent0S0P0KDN0HexA0 24766575
HexNAc4Hex3dHex2NeuAc1NeuGc0Pent0S0P0KDN0HexA0 24841998
HexNAc4Hex3dHex2NeuAc1NeuGc0Pent0S0P0KDN0HexA0 26791533
HexNAc4Hex4dHex0NeuAc0NeuGc0Pent0S0P0KDN0HexA0 23345538
HexNAc4Hex4dHex0NeuAc0NeuGc0Pent0S0P0KDN0HexA0 24090084
HexNAc4Hex4dHex0NeuAc0NeuGc0Pent0S0P0KDN0HexA0 24766575
HexNAc4Hex4dHex0NeuAc0NeuGc0Pent0S0P0KDN0HexA0 24841998
HexNAc4Hex4dHex0NeuAc0NeuGc0Pent0S0P0KDN0HexA0 29671580
HexNAc4Hex4dHex0NeuAc0NeuGc0Pent0S0P0KDN0HexA0 29741879
HexNAc4Hex4dHex0NeuAc0NeuGc0Pent0S0P0KDN0HexA0 30659065
HexNAc4Hex4dHex0NeuAc0NeuGc1Pent0S0P0KDN0HexA0 23345538
HexNAc4Hex4dHex0NeuAc1NeuGc0Pent0S0P0KDN0HexA0 22171320
HexNAc4Hex4dHex0NeuAc1NeuGc0Pent0S0P0KDN0HexA0 23345538
HexNAc4Hex4dHex0NeuAc1NeuGc0Pent0S0P0KDN0HexA0 24393138
HexNAc4Hex4dHex0NeuAc1NeuGc0Pent0S0P0KDN0HexA0 24766575
HexNAc4Hex4dHex0NeuAc1NeuGc0Pent0S0P0KDN0HexA0 24841998
HexNAc4Hex4dHex0NeuAc1NeuGc0Pent0S0P0KDN0HexA0 29671580
HexNAc4Hex4dHex0NeuAc1NeuGc0Pent0S0P0KDN0HexA0 29741879
HexNAc4Hex4dHex0NeuAc1NeuGc0Pent0S0P0KDN0HexA0 30659065
HexNAc4Hex4dHex0NeuAc2NeuGc0Pent0S0P0KDN0HexA0 23345538
HexNAc4Hex4dHex0NeuAc2NeuGc0Pent0S0P0KDN0HexA0 24766575
HexNAc4Hex4dHex0NeuAc2NeuGc0Pent0S0P0KDN0HexA0 24841998
HexNAc4Hex4dHex0NeuAc4NeuGc0Pent0S0P0KDN0HexA0 26791533
HexNAc4Hex4dHex1NeuAc0NeuGc0Pent0S0P0KDN0HexA0 24090084
HexNAc4Hex4dHex1NeuAc0NeuGc0Pent0S0P0KDN0HexA0 24766575
HexNAc4Hex4dHex1NeuAc0NeuGc0Pent0S0P0KDN0HexA0 24841998
HexNAc4Hex4dHex1NeuAc0NeuGc0Pent0S0P0KDN0HexA0 26791533
HexNAc4Hex4dHex1NeuAc0NeuGc0Pent0S0P0KDN0HexA0 29671580
HexNAc4Hex4dHex1NeuAc0NeuGc0Pent0S0P0KDN0HexA0 30459171
HexNAc4Hex4dHex1NeuAc0NeuGc0Pent0S0P0KDN0HexA0 30659065
HexNAc4Hex4dHex1NeuAc1NeuGc0Pent0S0P0KDN0HexA0 24090084
HexNAc4Hex4dHex1NeuAc1NeuGc0Pent0S0P0KDN0HexA0 24393138
HexNAc4Hex4dHex1NeuAc1NeuGc0Pent0S0P0KDN0HexA0 24766575
HexNAc4Hex4dHex1NeuAc1NeuGc0Pent0S0P0KDN0HexA0 24841998
HexNAc4Hex4dHex1NeuAc1NeuGc0Pent0S0P0KDN0HexA0 29671580
HexNAc4Hex4dHex1NeuAc1NeuGc0Pent0S0P0KDN0HexA0 29741879
HexNAc4Hex4dHex1NeuAc1NeuGc0Pent0S0P0KDN0HexA0 30659065
HexNAc4Hex4dHex2NeuAc0NeuGc0Pent0S0P0KDN0HexA0 24090084
HexNAc4Hex4dHex2NeuAc0NeuGc0Pent0S0P0KDN0HexA0 24766575
HexNAc4Hex4dHex2NeuAc0NeuGc0Pent0S0P0KDN0HexA0 24841998
HexNAc4Hex4dHex2NeuAc0NeuGc0Pent0S0P0KDN0HexA0 29671580
HexNAc4Hex4dHex2NeuAc0NeuGc0Pent0S0P0KDN0HexA0 29741879
HexNAc4Hex4dHex2NeuAc1NeuGc0Pent0S0P0KDN0HexA0 26791533
HexNAc4Hex4dHex2NeuAc1NeuGc0Pent0S0P0KDN0HexA0 29741879
HexNAc4Hex4dHex2NeuAc3NeuGc0Pent0S0P0KDN0HexA0 26791533
HexNAc4Hex4dHex3NeuAc0NeuGc0Pent0S0P0KDN0HexA0 24090084
HexNAc4Hex4dHex3NeuAc0NeuGc0Pent0S0P0KDN0HexA0 29741879
HexNAc4Hex4dHex4NeuAc2NeuGc0Pent0S0P0KDN0HexA0 26791533
HexNAc4Hex5dHex0NeuAc0NeuGc0Pent0S0P0KDN0HexA0 22171320
HexNAc4Hex5dHex0NeuAc0NeuGc0Pent0S0P0KDN0HexA0 23345538
HexNAc4Hex5dHex0NeuAc0NeuGc0Pent0S0P0KDN0HexA0 24090084
HexNAc4Hex5dHex0NeuAc0NeuGc0Pent0S0P0KDN0HexA0 24766575
HexNAc4Hex5dHex0NeuAc0NeuGc0Pent0S0P0KDN0HexA0 24841998
HexNAc4Hex5dHex0NeuAc0NeuGc0Pent0S0P0KDN0HexA0 26791533
HexNAc4Hex5dHex0NeuAc0NeuGc0Pent0S0P0KDN0HexA0 29671580
HexNAc4Hex5dHex0NeuAc0NeuGc0Pent0S0P0KDN0HexA0 29741879
HexNAc4Hex5dHex0NeuAc0NeuGc0Pent0S0P0KDN0HexA0 30459171
HexNAc4Hex5dHex0NeuAc0NeuGc0Pent0S0P0KDN0HexA0 30659065
HexNAc4Hex5dHex0NeuAc1NeuGc0Pent0S0P0KDN0HexA0 16321355
HexNAc4Hex5dHex0NeuAc1NeuGc0Pent0S0P0KDN0HexA0 22171320
HexNAc4Hex5dHex0NeuAc1NeuGc0Pent0S0P0KDN0HexA0 23345538
HexNAc4Hex5dHex0NeuAc1NeuGc0Pent0S0P0KDN0HexA0 24393138
HexNAc4Hex5dHex0NeuAc1NeuGc0Pent0S0P0KDN0HexA0 24766575
HexNAc4Hex5dHex0NeuAc1NeuGc0Pent0S0P0KDN0HexA0 24841998
HexNAc4Hex5dHex0NeuAc1NeuGc0Pent0S0P0KDN0HexA0 26598643
HexNAc4Hex5dHex0NeuAc1NeuGc0Pent0S0P0KDN0HexA0 26791533
HexNAc4Hex5dHex0NeuAc1NeuGc0Pent0S0P0KDN0HexA0 29671580
HexNAc4Hex5dHex0NeuAc1NeuGc0Pent0S0P0KDN0HexA0 29741879
HexNAc4Hex5dHex0NeuAc1NeuGc0Pent0S0P0KDN0HexA0 30459171
HexNAc4Hex5dHex0NeuAc1NeuGc0Pent0S0P0KDN0HexA0 30659065
HexNAc4Hex5dHex0NeuAc2NeuGc0Pent0S0P0KDN0HexA0 16321355
HexNAc4Hex5dHex0NeuAc2NeuGc0Pent0S0P0KDN0HexA0 22171320
HexNAc4Hex5dHex0NeuAc2NeuGc0Pent0S0P0KDN0HexA0 23345538
HexNAc4Hex5dHex0NeuAc2NeuGc0Pent0S0P0KDN0HexA0 24090084
HexNAc4Hex5dHex0NeuAc2NeuGc0Pent0S0P0KDN0HexA0 24393138
HexNAc4Hex5dHex0NeuAc2NeuGc0Pent0S0P0KDN0HexA0 24766575
HexNAc4Hex5dHex0NeuAc2NeuGc0Pent0S0P0KDN0HexA0 24841998
HexNAc4Hex5dHex0NeuAc2NeuGc0Pent0S0P0KDN0HexA0 26598643
HexNAc4Hex5dHex0NeuAc2NeuGc0Pent0S0P0KDN0HexA0 26791533
HexNAc4Hex5dHex0NeuAc2NeuGc0Pent0S0P0KDN0HexA0 29671580
HexNAc4Hex5dHex0NeuAc2NeuGc0Pent0S0P0KDN0HexA0 29741879
HexNAc4Hex5dHex0NeuAc2NeuGc0Pent0S0P0KDN0HexA0 30459171
HexNAc4Hex5dHex0NeuAc2NeuGc0Pent0S0P0KDN0HexA0 30659065
HexNAc4Hex5dHex1NeuAc0NeuGc0Pent0S0P0KDN0HexA0 22171320
HexNAc4Hex5dHex1NeuAc0NeuGc0Pent0S0P0KDN0HexA0 23345538
HexNAc4Hex5dHex1NeuAc0NeuGc0Pent0S0P0KDN0HexA0 24090084
HexNAc4Hex5dHex1NeuAc0NeuGc0Pent0S0P0KDN0HexA0 24393138
HexNAc4Hex5dHex1NeuAc0NeuGc0Pent0S0P0KDN0HexA0 24766575
HexNAc4Hex5dHex1NeuAc0NeuGc0Pent0S0P0KDN0HexA0 24841998
HexNAc4Hex5dHex1NeuAc0NeuGc0Pent0S0P0KDN0HexA0 26791533
HexNAc4Hex5dHex1NeuAc0NeuGc0Pent0S0P0KDN0HexA0 29671580
HexNAc4Hex5dHex1NeuAc0NeuGc0Pent0S0P0KDN0HexA0 29741879
HexNAc4Hex5dHex1NeuAc0NeuGc0Pent0S0P0KDN0HexA0 30459171
HexNAc4Hex5dHex1NeuAc0NeuGc0Pent0S0P0KDN0HexA0 30659065
HexNAc4Hex5dHex1NeuAc0NeuGc1Pent0S0P0KDN0HexA0 24090084
HexNAc4Hex5dHex1NeuAc1NeuGc0Pent0S0P0KDN0HexA0 16321355
HexNAc4Hex5dHex1NeuAc1NeuGc0Pent0S0P0KDN0HexA0 23345538
HexNAc4Hex5dHex1NeuAc1NeuGc0Pent0S0P0KDN0HexA0 24090084
HexNAc4Hex5dHex1NeuAc1NeuGc0Pent0S0P0KDN0HexA0 24393138
HexNAc4Hex5dHex1NeuAc1NeuGc0Pent0S0P0KDN0HexA0 24766575
HexNAc4Hex5dHex1NeuAc1NeuGc0Pent0S0P0KDN0HexA0 24841998
HexNAc4Hex5dHex1NeuAc1NeuGc0Pent0S0P0KDN0HexA0 26791533
HexNAc4Hex5dHex1NeuAc1NeuGc0Pent0S0P0KDN0HexA0 29671580
HexNAc4Hex5dHex1NeuAc1NeuGc0Pent0S0P0KDN0HexA0 29741879
HexNAc4Hex5dHex1NeuAc1NeuGc0Pent0S0P0KDN0HexA0 30459171
HexNAc4Hex5dHex1NeuAc1NeuGc0Pent0S0P0KDN0HexA0 30659065
HexNAc4Hex5dHex1NeuAc1NeuGc1Pent0S0P0KDN0HexA0 23345538
HexNAc4Hex5dHex1NeuAc2NeuGc0Pent0S0P0KDN0HexA0 16321355
HexNAc4Hex5dHex1NeuAc2NeuGc0Pent0S0P0KDN0HexA0 22171320
HexNAc4Hex5dHex1NeuAc2NeuGc0Pent0S0P0KDN0HexA0 23345538
HexNAc4Hex5dHex1NeuAc2NeuGc0Pent0S0P0KDN0HexA0 24090084
HexNAc4Hex5dHex1NeuAc2NeuGc0Pent0S0P0KDN0HexA0 24393138
HexNAc4Hex5dHex1NeuAc2NeuGc0Pent0S0P0KDN0HexA0 24766575
HexNAc4Hex5dHex1NeuAc2NeuGc0Pent0S0P0KDN0HexA0 24841998
HexNAc4Hex5dHex1NeuAc2NeuGc0Pent0S0P0KDN0HexA0 26791533
HexNAc4Hex5dHex1NeuAc2NeuGc0Pent0S0P0KDN0HexA0 29671580
HexNAc4Hex5dHex1NeuAc2NeuGc0Pent0S0P0KDN0HexA0 29741879
HexNAc4Hex5dHex1NeuAc2NeuGc0Pent0S0P0KDN0HexA0 30659065
HexNAc4Hex5dHex2NeuAc0NeuGc0Pent0S0P0KDN0HexA0 23345538
HexNAc4Hex5dHex2NeuAc0NeuGc0Pent0S0P0KDN0HexA0 24090084
HexNAc4Hex5dHex2NeuAc0NeuGc0Pent0S0P0KDN0HexA0 24766575
HexNAc4Hex5dHex2NeuAc0NeuGc0Pent0S0P0KDN0HexA0 24841998
HexNAc4Hex5dHex2NeuAc0NeuGc0Pent0S0P0KDN0HexA0 26791533
HexNAc4Hex5dHex2NeuAc0NeuGc0Pent0S0P0KDN0HexA0 29741879
HexNAc4Hex5dHex2NeuAc0NeuGc1Pent0S0P0KDN0HexA0 23345538
HexNAc4Hex5dHex2NeuAc0NeuGc1Pent0S0P0KDN0HexA0 24090084
HexNAc4Hex5dHex2NeuAc1NeuGc0Pent0S0P0KDN0HexA0 24090084
HexNAc4Hex5dHex2NeuAc1NeuGc0Pent0S0P0KDN0HexA0 24766575
HexNAc4Hex5dHex2NeuAc1NeuGc0Pent0S0P0KDN0HexA0 24841998
HexNAc4Hex5dHex2NeuAc1NeuGc0Pent0S0P0KDN0HexA0 26791533
HexNAc4Hex5dHex2NeuAc1NeuGc0Pent0S0P0KDN0HexA0 29741879
HexNAc4Hex5dHex2NeuAc2NeuGc0Pent0S0P0KDN0HexA0 24090084
HexNAc4Hex5dHex3NeuAc0NeuGc0Pent0S0P0KDN0HexA0 24090084
HexNAc4Hex5dHex3NeuAc0NeuGc0Pent0S0P0KDN0HexA0 26791533
HexNAc4Hex5dHex3NeuAc0NeuGc0Pent0S0P0KDN0HexA0 29741879
HexNAc4Hex5dHex3NeuAc1NeuGc0Pent0S0P0KDN0HexA0 23345538
HexNAc4Hex5dHex3NeuAc1NeuGc0Pent0S0P0KDN0HexA0 24090084
HexNAc4Hex5dHex3NeuAc1NeuGc0Pent0S0P0KDN0HexA0 26791533
HexNAc4Hex5dHex4NeuAc0NeuGc0Pent0S0P0KDN0HexA0 26791533
HexNAc4Hex5dHex4NeuAc0NeuGc0Pent0S0P0KDN0HexA0 29741879
HexNAc4Hex6dHex0NeuAc0NeuGc0Pent0S0P0KDN0HexA0 23345538
HexNAc4Hex6dHex0NeuAc0NeuGc0Pent0S0P0KDN0HexA0 24090084
HexNAc4Hex6dHex0NeuAc0NeuGc0Pent0S0P0KDN0HexA0 24766575
HexNAc4Hex6dHex0NeuAc0NeuGc0Pent0S0P0KDN0HexA0 24841998
HexNAc4Hex6dHex0NeuAc1NeuGc0Pent0S0P0KDN0HexA0 23345538
HexNAc4Hex6dHex0NeuAc1NeuGc0Pent0S0P0KDN0HexA0 24766575
HexNAc4Hex6dHex0NeuAc1NeuGc0Pent0S0P0KDN0HexA0 24841998
HexNAc4Hex6dHex0NeuAc1NeuGc0Pent0S0P0KDN0HexA0 29741879
HexNAc4Hex6dHex0NeuAc2NeuGc0Pent0S0P0KDN0HexA0 23345538
HexNAc4Hex6dHex0NeuAc2NeuGc0Pent0S0P0KDN0HexA0 24393138
HexNAc4Hex6dHex0NeuAc2NeuGc0Pent0S0P0KDN0HexA0 24766575
HexNAc4Hex6dHex0NeuAc2NeuGc0Pent0S0P0KDN0HexA0 24841998
HexNAc4Hex6dHex1NeuAc0NeuGc0Pent0S0P0KDN0HexA0 24090084
HexNAc4Hex6dHex1NeuAc0NeuGc0Pent0S0P0KDN0HexA0 24766575
HexNAc4Hex6dHex1NeuAc0NeuGc0Pent0S0P0KDN0HexA0 24841998
HexNAc4Hex6dHex1NeuAc0NeuGc0Pent0S0P0KDN0HexA0 29741879
HexNAc4Hex6dHex1NeuAc1NeuGc0Pent0S0P0KDN0HexA0 23345538
HexNAc4Hex6dHex1NeuAc1NeuGc0Pent0S0P0KDN0HexA0 24393138
HexNAc4Hex6dHex1NeuAc1NeuGc0Pent0S0P0KDN0HexA0 24766575
HexNAc4Hex6dHex1NeuAc1NeuGc0Pent0S0P0KDN0HexA0 24841998
HexNAc4Hex6dHex2NeuAc0NeuGc0Pent0S0P0KDN0HexA0 23345538
HexNAc4Hex6dHex2NeuAc0NeuGc0Pent0S0P0KDN0HexA0 24090084
HexNAc4Hex6dHex2NeuAc0NeuGc0Pent0S0P0KDN0HexA0 24766575
HexNAc4Hex6dHex2NeuAc0NeuGc0Pent0S0P0KDN0HexA0 24841998
HexNAc4Hex6dHex2NeuAc0NeuGc0Pent0S0P0KDN0HexA0 29671580
HexNAc4Hex6dHex2NeuAc0NeuGc0Pent0S0P0KDN0HexA0 29741879
HexNAc4Hex6dHex2NeuAc1NeuGc0Pent0S0P0KDN0HexA0 24766575
HexNAc4Hex6dHex2NeuAc1NeuGc0Pent0S0P0KDN0HexA0 24841998
HexNAc4Hex6dHex3NeuAc0NeuGc0Pent0S0P0KDN0HexA0 29741879
HexNAc4Hex6dHex3NeuAc2NeuGc0Pent0S0P0KDN0HexA0 26791533
HexNAc4Hex7dHex0NeuAc0NeuGc0Pent0S0P0KDN0HexA0 24090084
HexNAc4Hex7dHex0NeuAc0NeuGc0Pent0S0P0KDN0HexA0 24766575
HexNAc4Hex7dHex0NeuAc0NeuGc0Pent0S0P0KDN0HexA0 24841998
HexNAc4Hex7dHex0NeuAc1NeuGc0Pent0S0P0KDN0HexA0 24766575
HexNAc4Hex7dHex0NeuAc1NeuGc0Pent0S0P0KDN0HexA0 24841998
HexNAc4Hex7dHex1NeuAc0NeuGc0Pent0S0P0KDN0HexA0 24766575
HexNAc4Hex7dHex1NeuAc0NeuGc0Pent0S0P0KDN0HexA0 24841998
HexNAc4Hex7dHex1NeuAc0NeuGc0Pent0S0P0KDN0HexA0 29741879
HexNAc4Hex7dHex1NeuAc0NeuGc0Pent0S0P0KDN0HexA0 30459171
HexNAc4Hex7dHex2NeuAc0NeuGc0Pent0S0P0KDN0HexA0 23345538
HexNAc5Hex3dHex0NeuAc0NeuGc0Pent0S0P0KDN0HexA0 22171320
HexNAc5Hex3dHex0NeuAc0NeuGc0Pent0S0P0KDN0HexA0 23345538
HexNAc5Hex3dHex0NeuAc0NeuGc0Pent0S0P0KDN0HexA0 24090084
HexNAc5Hex3dHex0NeuAc0NeuGc0Pent0S0P0KDN0HexA0 24766575
HexNAc5Hex3dHex0NeuAc0NeuGc0Pent0S0P0KDN0HexA0 24841998
HexNAc5Hex3dHex0NeuAc0NeuGc0Pent0S0P0KDN0HexA0 26791533
HexNAc5Hex3dHex0NeuAc0NeuGc0Pent0S0P0KDN0HexA0 30659065
HexNAc5Hex3dHex0NeuAc1NeuGc0Pent0S0P0KDN0HexA0 24393138
HexNAc5Hex3dHex0NeuAc1NeuGc0Pent0S0P0KDN0HexA0 26791533
HexNAc5Hex3dHex0NeuAc2NeuGc0Pent0S0P0KDN0HexA0 24393138
HexNAc5Hex3dHex1NeuAc0NeuGc0Pent0S0P0KDN0HexA0 24090084
HexNAc5Hex3dHex1NeuAc0NeuGc0Pent0S0P0KDN0HexA0 24766575
HexNAc5Hex3dHex1NeuAc0NeuGc0Pent0S0P0KDN0HexA0 24841998
HexNAc5Hex3dHex1NeuAc0NeuGc0Pent0S0P0KDN0HexA0 29671580
HexNAc5Hex3dHex1NeuAc0NeuGc0Pent0S0P0KDN0HexA0 30659065
HexNAc5Hex3dHex1NeuAc1NeuGc0Pent0S0P0KDN0HexA0 24393138
HexNAc5Hex3dHex2NeuAc0NeuGc0Pent0S0P0KDN0HexA0 24090084
HexNAc5Hex3dHex2NeuAc0NeuGc0Pent0S0P0KDN0HexA0 24766575
HexNAc5Hex3dHex2NeuAc0NeuGc0Pent0S0P0KDN0HexA0 24841998
HexNAc5Hex3dHex2NeuAc0NeuGc0Pent0S0P0KDN0HexA0 26791533
HexNAc5Hex4dHex0NeuAc0NeuGc0Pent0S0P0KDN0HexA0 24090084
HexNAc5Hex4dHex0NeuAc0NeuGc0Pent0S0P0KDN0HexA0 24766575
HexNAc5Hex4dHex0NeuAc0NeuGc0Pent0S0P0KDN0HexA0 24841998
HexNAc5Hex4dHex0NeuAc0NeuGc0Pent0S0P0KDN0HexA0 29671580
HexNAc5Hex4dHex0NeuAc0NeuGc0Pent0S0P0KDN0HexA0 30659065
HexNAc5Hex4dHex0NeuAc1NeuGc0Pent0S0P0KDN0HexA0 22171320
HexNAc5Hex4dHex0NeuAc1NeuGc0Pent0S0P0KDN0HexA0 23345538
HexNAc5Hex4dHex0NeuAc1NeuGc0Pent0S0P0KDN0HexA0 24393138
HexNAc5Hex4dHex0NeuAc1NeuGc0Pent0S0P0KDN0HexA0 24766575
HexNAc5Hex4dHex0NeuAc1NeuGc0Pent0S0P0KDN0HexA0 24841998
HexNAc5Hex4dHex0NeuAc1NeuGc0Pent0S0P0KDN0HexA0 29671580
HexNAc5Hex4dHex0NeuAc1NeuGc0Pent0S0P0KDN0HexA0 30659065
HexNAc5Hex4dHex0NeuAc2NeuGc0Pent0S0P0KDN0HexA0 23345538
HexNAc5Hex4dHex0NeuAc2NeuGc0Pent0S0P0KDN0HexA0 24393138
HexNAc5Hex4dHex0NeuAc2NeuGc0Pent0S0P0KDN0HexA0 29741879
HexNAc5Hex4dHex1NeuAc0NeuGc0Pent0S0P0KDN0HexA0 24090084
HexNAc5Hex4dHex1NeuAc0NeuGc0Pent0S0P0KDN0HexA0 24766575
HexNAc5Hex4dHex1NeuAc0NeuGc0Pent0S0P0KDN0HexA0 24841998
HexNAc5Hex4dHex1NeuAc0NeuGc0Pent0S0P0KDN0HexA0 26791533
HexNAc5Hex4dHex1NeuAc0NeuGc0Pent0S0P0KDN0HexA0 29671580
HexNAc5Hex4dHex1NeuAc0NeuGc0Pent0S0P0KDN0HexA0 30659065
HexNAc5Hex4dHex1NeuAc1NeuGc0Pent0S0P0KDN0HexA0 24090084
HexNAc5Hex4dHex1NeuAc1NeuGc0Pent0S0P0KDN0HexA0 24393138
HexNAc5Hex4dHex1NeuAc1NeuGc0Pent0S0P0KDN0HexA0 24766575
HexNAc5Hex4dHex1NeuAc1NeuGc0Pent0S0P0KDN0HexA0 24841998
HexNAc5Hex4dHex1NeuAc1NeuGc0Pent0S0P0KDN0HexA0 30659065
HexNAc5Hex4dHex1NeuAc2NeuGc0Pent0S0P0KDN0HexA0 24393138
HexNAc5Hex4dHex1NeuAc2NeuGc0Pent0S0P0KDN0HexA0 26791533
HexNAc5Hex4dHex2NeuAc0NeuGc0Pent0S0P0KDN0HexA0 24090084
HexNAc5Hex4dHex2NeuAc0NeuGc0Pent0S0P0KDN0HexA0 24766575
HexNAc5Hex4dHex2NeuAc0NeuGc0Pent0S0P0KDN0HexA0 24841998
HexNAc5Hex4dHex2NeuAc0NeuGc0Pent0S0P0KDN0HexA0 29741879
HexNAc5Hex4dHex2NeuAc1NeuGc0Pent0S0P0KDN0HexA0 24090084
HexNAc5Hex4dHex3NeuAc0NeuGc0Pent0S0P0KDN0HexA0 29741879
HexNAc5Hex4dHex4NeuAc2NeuGc0Pent0S0P0KDN0HexA0 26791533
HexNAc5Hex5dHex0NeuAc0NeuGc0Pent0S0P0KDN0HexA0 23345538
HexNAc5Hex5dHex0NeuAc0NeuGc0Pent0S0P0KDN0HexA0 24090084
HexNAc5Hex5dHex0NeuAc0NeuGc0Pent0S0P0KDN0HexA0 24766575
HexNAc5Hex5dHex0NeuAc0NeuGc0Pent0S0P0KDN0HexA0 24841998
HexNAc5Hex5dHex0NeuAc0NeuGc0Pent0S0P0KDN0HexA0 29671580
HexNAc5Hex5dHex0NeuAc0NeuGc0Pent0S0P0KDN0HexA0 30659065
HexNAc5Hex5dHex0NeuAc1NeuGc0Pent0S0P0KDN0HexA0 22171320
HexNAc5Hex5dHex0NeuAc1NeuGc0Pent0S0P0KDN0HexA0 24393138
HexNAc5Hex5dHex0NeuAc1NeuGc0Pent0S0P0KDN0HexA0 24766575
HexNAc5Hex5dHex0NeuAc1NeuGc0Pent0S0P0KDN0HexA0 24841998
HexNAc5Hex5dHex0NeuAc1NeuGc0Pent0S0P0KDN0HexA0 29671580
HexNAc5Hex5dHex0NeuAc1NeuGc0Pent0S0P0KDN0HexA0 29741879
HexNAc5Hex5dHex0NeuAc1NeuGc0Pent0S0P0KDN0HexA0 30659065
HexNAc5Hex5dHex0NeuAc2NeuGc0Pent0S0P0KDN0HexA0 24393138
HexNAc5Hex5dHex0NeuAc2NeuGc0Pent0S0P0KDN0HexA0 24766575
HexNAc5Hex5dHex1NeuAc0NeuGc0Pent0S0P0KDN0HexA0 24090084
HexNAc5Hex5dHex1NeuAc0NeuGc0Pent0S0P0KDN0HexA0 24766575
HexNAc5Hex5dHex1NeuAc0NeuGc0Pent0S0P0KDN0HexA0 24841998
HexNAc5Hex5dHex1NeuAc0NeuGc0Pent0S0P0KDN0HexA0 29671580
HexNAc5Hex5dHex1NeuAc0NeuGc0Pent0S0P0KDN0HexA0 29741879
HexNAc5Hex5dHex1NeuAc0NeuGc0Pent0S0P0KDN0HexA0 30659065
HexNAc5Hex5dHex1NeuAc1NeuGc0Pent0S0P0KDN0HexA0 23345538
HexNAc5Hex5dHex1NeuAc1NeuGc0Pent0S0P0KDN0HexA0 24090084
HexNAc5Hex5dHex1NeuAc1NeuGc0Pent0S0P0KDN0HexA0 24393138
HexNAc5Hex5dHex1NeuAc1NeuGc0Pent0S0P0KDN0HexA0 24766575
HexNAc5Hex5dHex1NeuAc1NeuGc0Pent0S0P0KDN0HexA0 24841998
HexNAc5Hex5dHex1NeuAc1NeuGc0Pent0S0P0KDN0HexA0 29671580
HexNAc5Hex5dHex1NeuAc1NeuGc0Pent0S0P0KDN0HexA0 30659065
HexNAc5Hex5dHex1NeuAc2NeuGc0Pent0S0P0KDN0HexA0 24766575
HexNAc5Hex5dHex1NeuAc2NeuGc0Pent0S0P0KDN0HexA0 24841998
HexNAc5Hex5dHex1NeuAc2NeuGc0Pent0S0P0KDN0HexA0 29671580
HexNAc5Hex5dHex1NeuAc2NeuGc0Pent0S0P0KDN0HexA0 30459171
HexNAc5Hex5dHex1NeuAc2NeuGc0Pent0S0P0KDN0HexA0 30659065
HexNAc5Hex5dHex1NeuAc3NeuGc0Pent0S0P0KDN0HexA0 24841998
HexNAc5Hex5dHex2NeuAc0NeuGc0Pent0S0P0KDN0HexA0 24090084
HexNAc5Hex5dHex2NeuAc0NeuGc0Pent0S0P0KDN0HexA0 24766575
HexNAc5Hex5dHex2NeuAc0NeuGc0Pent0S0P0KDN0HexA0 29671580
HexNAc5Hex5dHex2NeuAc1NeuGc0Pent0S0P0KDN0HexA0 24090084
HexNAc5Hex5dHex2NeuAc1NeuGc0Pent0S0P0KDN0HexA0 24766575
HexNAc5Hex5dHex2NeuAc1NeuGc0Pent0S0P0KDN0HexA0 29741879
HexNAc5Hex5dHex3NeuAc0NeuGc0Pent0S0P0KDN0HexA0 24090084
HexNAc5Hex5dHex3NeuAc0NeuGc0Pent0S0P0KDN0HexA0 29741879
HexNAc5Hex6dHex0NeuAc0NeuGc0Pent0S0P0KDN0HexA0 22171320
HexNAc5Hex6dHex0NeuAc0NeuGc0Pent0S0P0KDN0HexA0 24090084
HexNAc5Hex6dHex0NeuAc0NeuGc0Pent0S0P0KDN0HexA0 24766575
HexNAc5Hex6dHex0NeuAc0NeuGc0Pent0S0P0KDN0HexA0 24841998
HexNAc5Hex6dHex0NeuAc0NeuGc0Pent0S0P0KDN0HexA0 29671580
HexNAc5Hex6dHex0NeuAc1NeuGc0Pent0S0P0KDN0HexA0 22171320
HexNAc5Hex6dHex0NeuAc1NeuGc0Pent0S0P0KDN0HexA0 24766575
HexNAc5Hex6dHex0NeuAc1NeuGc0Pent0S0P0KDN0HexA0 24841998
HexNAc5Hex6dHex0NeuAc1NeuGc0Pent0S0P0KDN0HexA0 29671580
HexNAc5Hex6dHex0NeuAc1NeuGc0Pent0S0P0KDN0HexA0 29741879
HexNAc5Hex6dHex0NeuAc2NeuGc0Pent0S0P0KDN0HexA0 22171320
HexNAc5Hex6dHex0NeuAc2NeuGc0Pent0S0P0KDN0HexA0 23345538
HexNAc5Hex6dHex0NeuAc2NeuGc0Pent0S0P0KDN0HexA0 24766575
HexNAc5Hex6dHex0NeuAc2NeuGc0Pent0S0P0KDN0HexA0 24841998
HexNAc5Hex6dHex0NeuAc2NeuGc0Pent0S0P0KDN0HexA0 26598643
HexNAc5Hex6dHex0NeuAc2NeuGc0Pent0S0P0KDN0HexA0 26791533
HexNAc5Hex6dHex0NeuAc2NeuGc0Pent0S0P0KDN0HexA0 29671580
HexNAc5Hex6dHex0NeuAc2NeuGc0Pent0S0P0KDN0HexA0 30459171
HexNAc5Hex6dHex0NeuAc3NeuGc0Pent0S0P0KDN0HexA0 22171320
HexNAc5Hex6dHex0NeuAc3NeuGc0Pent0S0P0KDN0HexA0 23345538
HexNAc5Hex6dHex0NeuAc3NeuGc0Pent0S0P0KDN0HexA0 24766575
HexNAc5Hex6dHex0NeuAc3NeuGc0Pent0S0P0KDN0HexA0 24841998
HexNAc5Hex6dHex0NeuAc3NeuGc0Pent0S0P0KDN0HexA0 26791533
HexNAc5Hex6dHex0NeuAc3NeuGc0Pent0S0P0KDN0HexA0 29671580
HexNAc5Hex6dHex0NeuAc3NeuGc0Pent0S0P0KDN0HexA0 30459171
HexNAc5Hex6dHex1NeuAc0NeuGc0Pent0S0P0KDN0HexA0 24090084
HexNAc5Hex6dHex1NeuAc0NeuGc0Pent0S0P0KDN0HexA0 24766575
HexNAc5Hex6dHex1NeuAc0NeuGc0Pent0S0P0KDN0HexA0 24841998
HexNAc5Hex6dHex1NeuAc0NeuGc0Pent0S0P0KDN0HexA0 26791533
HexNAc5Hex6dHex1NeuAc0NeuGc0Pent0S0P0KDN0HexA0 29671580
HexNAc5Hex6dHex1NeuAc0NeuGc0Pent0S0P0KDN0HexA0 29741879
HexNAc5Hex6dHex1NeuAc1NeuGc0Pent0S0P0KDN0HexA0 23345538
HexNAc5Hex6dHex1NeuAc1NeuGc0Pent0S0P0KDN0HexA0 24393138
HexNAc5Hex6dHex1NeuAc1NeuGc0Pent0S0P0KDN0HexA0 24766575
HexNAc5Hex6dHex1NeuAc1NeuGc0Pent0S0P0KDN0HexA0 24841998
HexNAc5Hex6dHex1NeuAc1NeuGc0Pent0S0P0KDN0HexA0 26791533
HexNAc5Hex6dHex1NeuAc1NeuGc0Pent0S0P0KDN0HexA0 29671580
HexNAc5Hex6dHex1NeuAc1NeuGc0Pent0S0P0KDN0HexA0 30459171
HexNAc5Hex6dHex1NeuAc2NeuGc0Pent0S0P0KDN0HexA0 23345538
HexNAc5Hex6dHex1NeuAc2NeuGc0Pent0S0P0KDN0HexA0 24393138
HexNAc5Hex6dHex1NeuAc2NeuGc0Pent0S0P0KDN0HexA0 26791533
HexNAc5Hex6dHex1NeuAc2NeuGc0Pent0S0P0KDN0HexA0 29671580
HexNAc5Hex6dHex1NeuAc3NeuGc0Pent0S0P0KDN0HexA0 22171320
HexNAc5Hex6dHex1NeuAc3NeuGc0Pent0S0P0KDN0HexA0 23345538
HexNAc5Hex6dHex1NeuAc3NeuGc0Pent0S0P0KDN0HexA0 24841998
HexNAc5Hex6dHex1NeuAc3NeuGc0Pent0S0P0KDN0HexA0 26598643
HexNAc5Hex6dHex1NeuAc3NeuGc0Pent0S0P0KDN0HexA0 26791533
HexNAc5Hex6dHex1NeuAc3NeuGc0Pent0S0P0KDN0HexA0 29671580
HexNAc5Hex6dHex1NeuAc3NeuGc0Pent0S0P0KDN0HexA0 30459171
HexNAc5Hex6dHex2NeuAc0NeuGc0Pent0S0P0KDN0HexA0 26791533
HexNAc5Hex6dHex2NeuAc0NeuGc0Pent0S0P0KDN0HexA0 29741879
HexNAc5Hex6dHex2NeuAc1NeuGc0Pent0S0P0KDN0HexA0 23345538
HexNAc5Hex6dHex2NeuAc1NeuGc0Pent0S0P0KDN0HexA0 26791533
HexNAc5Hex6dHex2NeuAc2NeuGc0Pent0S0P0KDN0HexA0 24090084
HexNAc5Hex6dHex2NeuAc3NeuGc0Pent0S0P0KDN0HexA0 24090084
HexNAc5Hex6dHex3NeuAc0NeuGc0Pent0S0P0KDN0HexA0 24090084
HexNAc5Hex6dHex3NeuAc0NeuGc0Pent0S0P0KDN0HexA0 26791533
HexNAc5Hex6dHex3NeuAc0NeuGc0Pent0S0P0KDN0HexA0 29741879
HexNAc5Hex6dHex3NeuAc1NeuGc0Pent0S0P0KDN0HexA0 23345538
HexNAc5Hex6dHex3NeuAc1NeuGc0Pent0S0P0KDN0HexA0 24090084
HexNAc5Hex6dHex3NeuAc1NeuGc0Pent0S0P0KDN0HexA0 26791533
HexNAc5Hex6dHex3NeuAc1NeuGc0Pent0S0P0KDN0HexA0 29741879
HexNAc5Hex6dHex4NeuAc0NeuGc0Pent0S0P0KDN0HexA0 23345538
HexNAc5Hex6dHex4NeuAc0NeuGc0Pent0S0P0KDN0HexA0 26791533
HexNAc5Hex6dHex4NeuAc0NeuGc0Pent0S0P0KDN0HexA0 29741879
HexNAc5Hex6dHex4NeuAc1NeuGc0Pent0S0P0KDN0HexA0 26791533
HexNAc5Hex8dHex1NeuAc0NeuGc0Pent0S0P0KDN0HexA0 23345538
HexNAc6Hex1dHex1NeuAc0NeuGc0Pent0S0P0KDN0HexA0 29671580
HexNAc6Hex3dHex0NeuAc0NeuGc0Pent0S0P0KDN0HexA0 24090084
HexNAc6Hex3dHex0NeuAc0NeuGc0Pent0S0P0KDN0HexA0 24766575
HexNAc6Hex3dHex0NeuAc0NeuGc0Pent0S0P0KDN0HexA0 24841998
HexNAc6Hex3dHex0NeuAc0NeuGc0Pent0S0P0KDN0HexA0 29741879
HexNAc6Hex3dHex0NeuAc1NeuGc0Pent0S0P0KDN0HexA0 24393138
HexNAc6Hex3dHex1NeuAc0NeuGc0Pent0S0P0KDN0HexA0 24090084
HexNAc6Hex3dHex1NeuAc0NeuGc0Pent0S0P0KDN0HexA0 24393138
HexNAc6Hex3dHex1NeuAc0NeuGc0Pent0S0P0KDN0HexA0 29671580
HexNAc6Hex3dHex1NeuAc1NeuGc0Pent0S0P0KDN0HexA0 24393138
HexNAc6Hex3dHex1NeuAc2NeuGc0Pent0S0P0KDN0HexA0 23345538
HexNAc6Hex3dHex3NeuAc0NeuGc0Pent0S0P0KDN0HexA0 24090084
HexNAc6Hex3dHex4NeuAc0NeuGc0Pent0S0P0KDN0HexA0 26791533
HexNAc6Hex4dHex0NeuAc0NeuGc0Pent0S0P0KDN0HexA0 24766575
HexNAc6Hex4dHex0NeuAc0NeuGc0Pent0S0P0KDN0HexA0 24841998
HexNAc6Hex4dHex0NeuAc0NeuGc0Pent0S0P0KDN0HexA0 29741879
HexNAc6Hex4dHex0NeuAc1NeuGc0Pent0S0P0KDN0HexA0 23345538
HexNAc6Hex4dHex0NeuAc1NeuGc0Pent0S0P0KDN0HexA0 24393138
HexNAc6Hex4dHex0NeuAc1NeuGc0Pent0S0P0KDN0HexA0 24766575
HexNAc6Hex4dHex0NeuAc1NeuGc0Pent0S0P0KDN0HexA0 24841998
HexNAc6Hex4dHex0NeuAc1NeuGc0Pent0S0P0KDN0HexA0 29671580
HexNAc6Hex4dHex0NeuAc1NeuGc0Pent0S0P0KDN0HexA0 29741879
HexNAc6Hex4dHex1NeuAc0NeuGc0Pent0S0P0KDN0HexA0 29741879
HexNAc6Hex4dHex1NeuAc1NeuGc0Pent0S0P0KDN0HexA0 24090084
HexNAc6Hex4dHex1NeuAc2NeuGc0Pent0S0P0KDN0HexA0 23345538
HexNAc6Hex4dHex1NeuAc2NeuGc0Pent0S0P0KDN0HexA0 24393138
HexNAc6Hex4dHex2NeuAc0NeuGc0Pent0S0P0KDN0HexA0 24090084
HexNAc6Hex4dHex2NeuAc0NeuGc0Pent0S0P0KDN0HexA0 29741879
HexNAc6Hex4dHex3NeuAc0NeuGc0Pent0S0P0KDN0HexA0 24090084
HexNAc6Hex5dHex0NeuAc0NeuGc0Pent0S0P0KDN0HexA0 23345538
HexNAc6Hex5dHex0NeuAc0NeuGc0Pent0S0P0KDN0HexA0 24766575
HexNAc6Hex5dHex0NeuAc0NeuGc0Pent0S0P0KDN0HexA0 29741879
HexNAc6Hex5dHex0NeuAc1NeuGc0Pent0S0P0KDN0HexA0 24090084
HexNAc6Hex5dHex0NeuAc1NeuGc0Pent0S0P0KDN0HexA0 24766575
HexNAc6Hex5dHex0NeuAc1NeuGc0Pent0S0P0KDN0HexA0 24841998
HexNAc6Hex5dHex0NeuAc2NeuGc1Pent0S0P0KDN0HexA0 24090084
HexNAc6Hex5dHex1NeuAc0NeuGc0Pent0S0P0KDN0HexA0 23345538
HexNAc6Hex5dHex1NeuAc0NeuGc0Pent0S0P0KDN0HexA0 24090084
HexNAc6Hex5dHex1NeuAc0NeuGc0Pent0S0P0KDN0HexA0 29741879
HexNAc6Hex5dHex1NeuAc2NeuGc0Pent0S0P0KDN0HexA0 24090084
HexNAc6Hex5dHex2NeuAc0NeuGc0Pent0S0P0KDN0HexA0 24090084
HexNAc6Hex5dHex2NeuAc0NeuGc0Pent0S0P0KDN0HexA0 24766575
HexNAc6Hex5dHex2NeuAc0NeuGc0Pent0S0P0KDN0HexA0 24841998
HexNAc6Hex5dHex2NeuAc1NeuGc0Pent0S0P0KDN0HexA0 24090084
HexNAc6Hex5dHex3NeuAc0NeuGc0Pent0S0P0KDN0HexA0 24090084
HexNAc6Hex6dHex0NeuAc1NeuGc0Pent0S0P0KDN0HexA0 24766575
HexNAc6Hex6dHex0NeuAc1NeuGc0Pent0S0P0KDN0HexA0 24841998
HexNAc6Hex6dHex1NeuAc0NeuGc0Pent0S0P0KDN0HexA0 29671580
HexNAc6Hex6dHex1NeuAc0NeuGc0Pent0S0P0KDN0HexA0 29741879
HexNAc6Hex6dHex1NeuAc1NeuGc0Pent0S0P0KDN0HexA0 29671580
HexNAc6Hex6dHex1NeuAc2NeuGc0Pent0S0P0KDN0HexA0 24090084
HexNAc6Hex6dHex1NeuAc2NeuGc0Pent0S0P0KDN0HexA0 29671580
HexNAc6Hex6dHex2NeuAc1NeuGc0Pent0S0P0KDN0HexA0 24090084
HexNAc6Hex6dHex2NeuAc2NeuGc0Pent0S0P0KDN0HexA0 24090084
HexNAc6Hex6dHex3NeuAc1NeuGc0Pent0S0P0KDN0HexA0 24090084
HexNAc6Hex6dHex4NeuAc0NeuGc0Pent0S0P0KDN0HexA0 24090084
HexNAc6Hex7dHex0NeuAc0NeuGc0Pent0S0P0KDN0HexA0 22171320
HexNAc6Hex7dHex0NeuAc0NeuGc0Pent0S0P0KDN0HexA0 29671580
HexNAc6Hex7dHex0NeuAc0NeuGc0Pent0S0P0KDN0HexA0 29741879
HexNAc6Hex7dHex0NeuAc1NeuGc0Pent0S0P0KDN0HexA0 29671580
HexNAc6Hex7dHex0NeuAc2NeuGc0Pent0S0P0KDN0HexA0 24841998
HexNAc6Hex7dHex0NeuAc3NeuGc0Pent0S0P0KDN0HexA0 24841998
HexNAc6Hex7dHex0NeuAc3NeuGc0Pent0S0P0KDN0HexA0 29671580
HexNAc6Hex7dHex0NeuAc4NeuGc0Pent0S0P0KDN0HexA0 29671580
HexNAc6Hex7dHex1NeuAc0NeuGc0Pent0S0P0KDN0HexA0 22171320
HexNAc6Hex7dHex1NeuAc0NeuGc0Pent0S0P0KDN0HexA0 29671580
HexNAc6Hex7dHex1NeuAc0NeuGc0Pent0S0P0KDN0HexA0 29741879
HexNAc6Hex7dHex1NeuAc1NeuGc0Pent0S0P0KDN0HexA0 29671580
HexNAc6Hex7dHex1NeuAc2NeuGc0Pent0S0P0KDN0HexA0 26791533
HexNAc6Hex7dHex1NeuAc2NeuGc0Pent0S0P0KDN0HexA0 29671580
HexNAc6Hex7dHex1NeuAc3NeuGc0Pent0S0P0KDN0HexA0 23345538
HexNAc6Hex7dHex1NeuAc3NeuGc0Pent0S0P0KDN0HexA0 24841998
HexNAc6Hex7dHex1NeuAc3NeuGc0Pent0S0P0KDN0HexA0 29671580
HexNAc6Hex7dHex1NeuAc4NeuGc0Pent0S0P0KDN0HexA0 26791533
HexNAc6Hex7dHex1NeuAc4NeuGc0Pent0S0P0KDN0HexA0 29671580
HexNAc6Hex7dHex2NeuAc1NeuGc0Pent0S0P0KDN0HexA0 26791533
HexNAc6Hex7dHex3NeuAc1NeuGc0Pent0S0P0KDN0HexA0 26791533
HexNAc6Hex7dHex4NeuAc0NeuGc0Pent0S0P0KDN0HexA0 26791533
HexNAc6Hex7dHex4NeuAc0NeuGc0Pent0S0P0KDN0HexA0 29741879
HexNAc6Hex7dHex4NeuAc1NeuGc0Pent0S0P0KDN0HexA0 26791533
HexNAc6Hex7dHex5NeuAc0NeuGc0Pent0S0P0KDN0HexA0 26791533
HexNAc6Hex7dHex5NeuAc0NeuGc0Pent0S0P0KDN0HexA0 29741879
HexNAc6Hex8dHex1NeuAc3NeuGc0Pent0S0P0KDN0HexA0 23345538
HexNAc7Hex3dHex0NeuAc0NeuGc0Pent0S0P0KDN0HexA0 24090084
HexNAc7Hex3dHex0NeuAc2NeuGc0Pent0S0P0KDN0HexA0 26791533
HexNAc7Hex3dHex2NeuAc1NeuGc0Pent0S0P0KDN0HexA0 26791533
HexNAc7Hex4dHex0NeuAc1NeuGc0Pent0S0P0KDN0HexA0 24766575
HexNAc7Hex4dHex0NeuAc1NeuGc0Pent0S0P0KDN0HexA0 24841998
HexNAc7Hex4dHex1NeuAc0NeuGc0Pent0S0P0KDN0HexA0 24766575
HexNAc7Hex4dHex1NeuAc0NeuGc0Pent0S0P0KDN0HexA0 24841998
HexNAc7Hex4dHex1NeuAc0NeuGc0Pent0S0P0KDN0HexA0 29671580
HexNAc7Hex4dHex1NeuAc1NeuGc0Pent0S0P0KDN0HexA0 24393138
HexNAc7Hex5dHex0NeuAc1NeuGc0Pent0S0P0KDN0HexA0 23345538
HexNAc7Hex5dHex1NeuAc0NeuGc0Pent0S0P0KDN0HexA0 24766575
HexNAc7Hex5dHex1NeuAc0NeuGc0Pent0S0P0KDN0HexA0 24841998
HexNAc7Hex5dHex1NeuAc2NeuGc0Pent0S0P0KDN0HexA0 23345538
HexNAc7Hex5dHex1NeuAc2NeuGc0Pent0S0P0KDN0HexA0 24090084
HexNAc7Hex6dHex0NeuAc0NeuGc0Pent0S0P0KDN0HexA0 26791533
HexNAc7Hex6dHex0NeuAc0NeuGc0Pent0S0P0KDN0HexA0 29741879
HexNAc7Hex8dHex0NeuAc0NeuGc0Pent0S0P0KDN0HexA0 23345538
HexNAc7Hex8dHex0NeuAc0NeuGc0Pent0S0P0KDN0HexA0 29741879
HexNAc7Hex8dHex0NeuAc1NeuGc0Pent0S0P0KDN0HexA0 29741879
HexNAc7Hex8dHex1NeuAc0NeuGc0Pent0S0P0KDN0HexA0 23345538
HexNAc7Hex8dHex6NeuAc0NeuGc0Pent0S0P0KDN0HexA0 26791533
HexNAc7Hex9dHex0NeuAc0NeuGc0Pent0S0P0KDN0HexA0 26791533
HexNAc7Hex9dHex1NeuAc0NeuGc0Pent0S0P0KDN0HexA0 23345538
HexNAc8Hex3dHex2NeuAc0NeuGc0Pent0S0P0KDN0HexA0 26791533
HexNAc8Hex4dHex0NeuAc0NeuGc0Pent0S0P0KDN0HexA0 26791533
HexNAc8Hex4dHex0NeuAc1NeuGc0Pent0S0P0KDN0HexA0 26791533
HexNAc8Hex6dHex3NeuAc0NeuGc0Pent0S0P0KDN0HexA0 26791533
HexNAc9Hex1dHex1NeuAc0NeuGc0Pent0S0P0KDN0HexA0 26791533
HexNAc9Hex7dHex1NeuAc1NeuGc0Pent0S0P0KDN0HexA0 24841998
HexNAc9Hex7dHex1NeuAc2NeuGc0Pent0S0P0KDN0HexA0 24841998
