3 9606
3 10090
3 33727
4 6183
4 6419
4 6491
4 9606
4 9913
4 10090
4 10116
4 11820
4 33727
5 6183
5 9606
5 9913
5 10090
5 33727
6 9606
7 9606
7 9615
7 9796
7 9823
7 9913
7 10090
7 11142
7 11795
8 9606
8 9615
8 9913
9 9606
10 9606
19 9913
25 6419
25 9606
25 9913
25 11820
25 34676
25 100989
26 9606
27 9606
94 9986
94 100989
95 9606
95 10090
96 9606
96 9615
96 9796
96 9823
96 9913
96 10090
96 11142
96 11795
97 9606
98 9606
98 9796
98 9913
98 10090
99 9606
99 9796
99 10090
100 9606
102 9606
102 9796
102 9913
102 10090
122 9606
129 9606
137 9796
138 9796
139 9796
140 9796
159 9606
160 6183
160 9606
164 6183
164 9606
180 9606
242 9913
247 9542
247 9913
247 10090
322 10090
349 9606
350 9606
351 9606
352 9606
353 9606
354 9606
355 9606
356 9606
357 9606
358 9913
359 9913
360 9913
363 9913
385 9606
386 10090
469 6183
470 6183
482 9606
482 9913
482 34676
483 34676
484 9986
490 10090
516 9606
517 9606
518 9606
519 9606
532 2246
541 9606
541 9913
562 9796
637 9606
643 10090
644 9606
644 10090
645 2285
645 5061
645 9606
645 40384
645 70791
645 105351
646 5061
647 5061
648 5061
650 9606
650 9913
651 9606
651 9913
652 9606
656 9606
656 9986
656 10090
656 100989
657 9606
657 10090
657 44689
659 6419
688 9606
688 10090
689 9606
690 9606
691 9606
692 9796
694 9606
696 9796
704 9606
705 9606
705 9913
705 100989
706 9606
706 9913
707 9913
717 9986
726 44689
731 9606
779 9986
790 70791
791 70791
792 5741
794 44689
1021 3673
1023 3673
1023 3743
1023 4615
1023 77050
1025 3673
1027 3665
1027 3704
1027 3743
1027 3843
1027 3885
1027 3897
1027 3988
1027 4039
1027 4146
1027 9606
1027 77050
1027 94328
1029 3743
1031 3743
1033 3369
1033 3743
1035 9606
1037 9606
1041 7460
1041 9606
1043 3665
1043 3704
1043 3818
1043 3885
1043 3988
1043 4087
1043 9606
1047 3665
1049 3704
1049 7119
1049 7460
1049 9031
1049 9606
1049 9913
1049 10116
1051 3704
1053 3704
1053 3885
1053 7460
1053 9031
1053 9606
1053 9913
1053 11033
1053 392810
1055 3704
1057 3704
1059 4087
1060 4087
1060 8404
1060 9606
1060 9913
1061 3818
1061 3885
1061 4087
1061 4146
1061 5061
1061 7460
1061 9031
1061 9606
1061 9913
1061 11795
1061 392810
1062 4087
1062 4146
1063 4087
1063 4146
1064 3818
1064 3885
1064 4087
1064 4146
1064 5061
1064 5691
1064 5702
1064 6717
1064 7460
1064 9031
1064 9606
1064 9913
1064 10090
1064 10116
1064 11795
1064 11820
1065 4087
1066 3885
1066 4087
1066 9606
1066 9913
1066 11795
1073 3665
1075 5061
1075 7119
1075 9606
1075 27406
1081 3847
1081 3885
1081 4087
1081 4932
1081 5061
1081 5691
1081 5702
1081 6717
1081 7091
1081 7119
1081 7460
1081 9606
1081 9913
1081 10116
1081 11684
1081 11820
1081 27406
1081 392810
1083 3885
1083 4039
1083 4932
1083 5061
1083 5691
1083 5702
1083 6717
1083 9606
1083 9913
1083 11820
1083 33727
1083 392810
1085 5691
1085 5702
1085 6717
1085 9031
1085 9606
1085 9913
1091 11795
1093 9606
1095 11795
1099 9606
1099 9823
1099 9913
1099 10090
1099 10116
1101 9606
1103 9606
1105 9031
1105 9606
1107 9031
1107 9606
1107 9823
1107 9913
1113 9606
1117 9606
1119 9031
1119 9606
1119 9823
1119 9913
1119 10116
1123 9823
1125 9823
1127 9606
1127 9823
1133 9823
1135 9606
1137 9031
1137 9606
1137 9796
1137 9823
1137 9913
1137 10116
1139 9823
1141 9606
1141 9913
1143 9606
1143 9913
1145 9606
1145 9823
1147 9606
1147 9823
1147 9913
1149 9606
1149 9823
1149 9913
1149 10090
1151 9606
1153 9606
1155 9606
1157 9606
1159 9606
1161 9606
1163 9606
1165 9606
1167 9606
1169 9606
1181 9606
1183 9606
1185 9606
1187 9430
1187 9606
1187 9913
1187 10116
1187 11795
1189 9430
1189 9606
1189 10090
1189 10116
1189 11795
1191 9913
1193 9606
1193 9913
1195 9430
1195 9606
1195 10090
1197 9606
1199 9606
1199 10090
1203 9430
1203 9606
1205 9913
1207 9913
1209 4615
1211 3847
1213 3847
1215 3847
1217 3847
1219 5062
1219 5759
1219 8797
1219 9031
1219 9544
1219 9606
1219 9913
1219 10090
1219 10116
1219 10358
1219 10515
1219 10633
1219 28285
1219 70791
1219 100989
1221 9606
1221 11198
1223 9606
1223 11198
1225 9606
1225 11198
1227 9606
1231 3369
1231 4146
1233 3369
1241 9606
1241 9913
1243 9606
1243 9913
1245 9606
1245 9913
1245 10116
1247 9606
1247 9913
1247 11795
1249 9031
1249 9606
1249 9796
1249 9823
1249 9913
1249 10116
1251 9913
1253 9913
1255 9913
1257 9913
1259 9913
1261 9031
1261 9606
1261 9913
1263 9913
1265 9031
1265 9606
1265 9913
1267 9913
1269 9606
1271 9606
1271 9913
1273 9031
1273 9913
1275 9913
1277 9913
1295 3988
1295 7460
1295 9606
1295 10116
1295 105351
1297 3818
1297 3988
1299 9606
1305 9940
1307 9606
1307 9940
1309 9606
1309 9940
1313 9606
1313 9940
1315 9606
1315 9940
1317 9606
1317 9940
1319 9606
1319 9940
1319 10090
1321 9940
1323 9940
1325 4039
1327 4039
1329 4039
1331 4039
1333 4039
1335 4039
1337 4039
1373 9823
1381 8717
1383 8717
1385 8717
1387 8717
1389 8717
1391 8717
1393 8717
1395 8717
1397 8717
1399 8717
1401 8717
1403 8717
1405 8717
1407 8717
1409 8717
1411 8717
1413 8717
1415 8717
1417 8717
1419 8717
1421 8717
1423 8717
1425 8717
1429 8717
1431 79690
1477 7108
1477 7119
1477 7460
1477 9606
1477 9823
1477 9913
1477 10090
1477 10116
1477 392810
1481 9823
1483 9823
1487 7004
1487 9606
1487 10116
1489 9606
1491 9606
1491 10090
1493 9606
1493 9823
1493 10090
1493 10116
1495 10036
1495 10090
1495 10116
1497 10090
1497 10116
1499 9606
1501 9606
1501 10036
1501 10090
1501 10116
1501 33727
1501 82834
1501 392810
1503 9031
1505 9031
1505 10116
1509 9031
1511 9031
1521 9430
1521 9606
1521 9823
1521 9913
1521 10090
1521 10116
1521 11198
1521 11820
1521 82834
1521 392810
1525 9606
1525 10090
1525 10116
1527 9606
1527 9823
1527 10116
1527 11795
1529 9606
1531 9606
1533 9606
1535 9606
1537 9606
1539 9606
1541 9606
1543 9606
1545 9606
1547 9606
1549 9606
1553 9606
1555 9606
1557 9606
1559 9606
1561 3885
1563 3885
1565 3885
1567 3885
1569 3885
1571 3885
1573 3885
1575 3885
1577 3885
1579 3885
1599 9606
1599 9823
1599 10090
1599 10116
1603 9430
1603 9606
1603 9823
1603 9913
1603 10090
1603 10116
1603 11198
1603 11820
1603 82834
1603 392810
1605 9606
1605 9823
1607 9031
1609 9606
1611 9606
1615 9031
1615 9606
1615 9913
1617 9823
1619 9913
1621 9913
1621 10116
1623 9031
1623 9606
1623 9823
1623 10116
1625 5659
1625 5661
1625 5664
1625 5665
1625 5666
1627 5659
1627 5661
1627 5664
1627 5665
1627 5666
1629 5659
1629 6717
1629 9606
1635 9606
1637 3055
1637 9606
1639 3715
1639 5061
1639 7119
1639 9606
1639 9913
1639 10116
1639 11198
1639 82834
1639 392810
1641 5061
1641 7119
1641 9606
1641 9913
1641 10116
1641 11198
1641 82834
1641 392810
1643 5061
1643 7091
1643 7119
1643 9606
1643 9913
1643 10116
1643 11198
1643 82834
1647 9606
1647 10116
1647 82834
1647 392810
1649 9606
1649 82834
1651 9606
1651 10036
1651 33727
1651 82834
1653 9031
1653 9606
1653 9913
1653 10116
1653 11795
1653 33727
1653 82834
1655 82834
1657 82834
1659 9430
1659 9606
1659 9913
1659 10116
1659 82834
1659 392810
1661 9606
1661 10116
1661 82834
1663 9430
1663 9606
1663 9823
1663 9913
1663 10116
1663 82834
1665 9606
1665 9913
1665 10090
1665 10116
1665 82834
1667 33727
1667 82834
1669 9430
1669 9606
1669 9823
1669 10116
1669 33727
1669 82834
1671 13347
1673 13347
1675 13347
1677 9606
1677 9913
1677 10090
1679 9606
1679 9913
1681 5691
1681 5702
1681 9913
1685 9823
1685 11795
1691 9606
1693 9606
1697 9823
1697 9913
1699 9823
1699 9913
1701 9823
1701 9913
1703 9823
1703 9913
1705 9823
1705 9913
1707 9823
1707 9913
1709 9823
1709 9913
1711 9823
1711 9913
1713 9606
1713 40384
1715 40384
1717 40384
1719 9606
1721 9606
1721 11795
1723 9606
1725 9606
1727 9606
1729 9606
1729 11795
1731 9606
1739 9606
1739 10090
1741 10090
1743 9606
1745 9606
1745 10090
1747 9606
1747 10090
1749 9606
1751 9606
1751 10090
1753 9606
1755 9606
1757 9606
1759 9606
1761 9606
1761 9913
1761 10116
1773 9606
1775 3068
1775 7460
1775 8400
1775 9031
1775 9606
1777 3068
1779 3068
1781 3068
1783 3068
1785 9606
1785 9823
1793 9606
1795 9606
1797 9606
1799 10090
1801 10090
1803 10090
1807 11820
1827 9913
1837 9606
1839 9606
1841 9606
1843 9606
1845 9606
1847 9606
1849 9606
1851 9606
1853 8404
1853 9606
1879 9606
1881 9606
1891 9430
1891 9606
1891 10116
1907 9606
1919 9606
1919 10116
1921 9606
1925 9606
1927 9606
1929 9606
1931 9606
1935 9606
1935 9913
1937 9606
1953 9606
1955 9606
1957 9606
1959 9606
1961 9606
1963 9606
1965 9606
1969 9606
1971 9606
1973 9606
1973 9823
1973 10090
1975 9606
1977 9606
1983 9606
1985 9606
1989 9606
1991 9606
1993 9606
1995 9606
1997 9606
1999 9606
2001 9606
2002 6637
2003 9606
2004 6637
2005 9606
2006 6637
2007 9606
2009 9606
2010 9606
2011 9606
2012 9606
2014 9606
2016 9606
2017 9606
2019 9606
2019 11795
2021 9606
2021 9913
2021 11795
2022 9031
2023 9606
2023 11795
2024 9031
2025 9606
2026 9031
2027 9606
2028 9031
2030 9031
2033 105351
2034 9031
2036 9031
2041 6717
2041 9031
2049 4932
2049 5702
2049 9913
2051 4932
2053 4932
2055 4932
2059 4932
2061 4932
2062 100989
2063 4932
2073 9606
2078 100989
2088 100989
2099 9606
2099 9823
2099 11198
2101 9031
2101 9606
2101 10116
2103 9606
2105 9430
2105 9606
2105 9823
2107 9430
2109 9430
2109 9606
2111 9430
2113 9430
2117 9430
2119 9430
2123 9430
2125 9430
2127 9430
2127 9606
2127 9913
2127 10116
2135 9606
2149 9430
2149 9606
2157 9606
2159 9606
2161 9606
2163 9606
2165 9823
2165 9913
2167 9913
2169 9913
2171 9606
2171 9913
2173 9913
2175 9913
2177 9913
2179 9913
2181 9913
2183 9913
2185 9913
2187 9913
2189 9913
2191 9606
2191 9913
2191 11795
2193 9606
2193 9913
2195 9606
2195 9913
2201 10116
2203 10116
2205 10116
2473 6637
2473 7460
2473 9606
2473 10090
2473 70175
2479 9606
2479 9913
2491 10116
2501 7004
2503 7004
2505 7004
2507 7004
2509 9606
2509 9913
2519 9606
2519 9913
2521 9606
2521 9913
2523 9606
2527 9606
2529 9606
2531 9606
2533 9606
2535 9606
2537 9606
2539 9606
2541 4087
2541 9606
2541 9913
2543 4087
2545 4087
2545 9031
2545 9606
2545 9913
2545 10116
2547 10116
2551 10116
2553 7108
2553 7119
2553 7460
2553 9606
2553 9823
2553 9913
2553 10090
2553 10116
2555 9606
2555 9913
2555 10116
2555 11795
2557 9606
2557 10116
2557 11795
2559 10116
2559 11795
2561 10116
2563 10116
2565 9913
2565 10116
2567 9606
2567 10116
2581 5659
2581 9606
2595 9606
2607 70175
2609 70175
2611 7460
2611 70175
2613 9606
2613 70175
2615 70175
2617 70175
2619 70175
2623 70175
2627 9606
2627 10090
2629 10090
2629 10116
2631 10090
2633 10090
2637 7460
2639 7460
2641 7460
2643 7460
2643 9823
2645 7460
2647 7460
2661 9606
2663 10116
2665 9606
2667 9606
2669 9606
2671 9606
2683 9606
2693 9606
2693 9913
2707 5061
2709 5061
2711 5061
2713 5061
2823 392810
2825 392810
2827 392810
2829 9823
2829 392810
2831 11795
2833 11795
2835 11795
2837 11795
2855 11795
2857 11795
2859 11795
2861 11795
2865 11795
2867 11795
2869 11795
2885 11795
2887 11795
2889 11795
2891 11795
2893 8400
2893 9606
2893 9823
2899 9606
2901 9606
2905 9031
2905 9606
2907 9031
2909 9031
2909 9606
2911 9031
2913 9031
2915 9031
2915 10090
2917 9031
2919 9606
2921 9606
2923 7460
2931 9031
2931 9606
2935 9913
2937 9913
2939 9913
2945 9913
2947 9913
2949 9913
2951 9913
2953 9913
2955 9913
2957 9913
2959 9913
2961 9913
2977 9606
2979 9606
2983 9606
2985 9606
2987 9606
2989 9606
2989 10116
2991 9606
2993 9606
2993 9913
3001 8404
3007 9606
3009 9606
3011 10090
3013 9606
3015 10090
3017 10090
3019 10090
3021 10090
3023 9913
3025 9913
3027 9913
3029 9913
3035 9913
3037 9913
3039 9913
3045 9913
3047 9913
3049 9913
3051 3369
3053 9606
3055 9430
3055 9606
3057 9430
3057 9606
3107 9606
3107 9823
3109 9823
3111 9823
3113 9823
3115 9823
3117 9823
3119 9823
3121 9823
3123 9823
3125 9823
3127 9606
3129 9606
3131 7460
3131 9606
3133 9606
3135 9606
3141 5061
3145 9606
3145 33727
3147 33727
3149 7460
3151 9606
3153 9606
3155 9606
3157 9606
3177 9823
3177 11198
3255 9031
3271 9606
3279 9606
3279 10116
3281 9606
3281 10116
3283 9606
3283 10116
3287 9606
3287 9913
3287 10116
3293 9606
3293 10116
3295 9606
3295 10116
3303 8400
3303 9606
3305 8400
3307 5702
3309 5702
3343 9606
3345 9606
3359 10116
3361 10116
3363 10116
3371 9031
3371 9606
3373 9606
3373 9823
3375 9606
3381 9606
3383 9606
3385 9606
3387 9606
3389 9606
3391 9606
3397 9606
3399 9606
3405 9606
3407 9606
3409 9606
3411 9606
3413 9606
3415 9031
3415 9606
3417 9606
3421 9606
3423 9430
3423 9606
3433 9606
3435 9606
3447 9031
3453 9606
3455 9606
3457 9606
3459 9606
3461 9606
3463 9606
3465 9606
3467 9606
3469 9606
3471 9606
3473 9606
3475 9606
3487 9606
3495 9606
3497 9031
3497 9606
3499 9913
3501 9913
3503 9606
3505 9606
3507 9606
3509 9606
3539 9606
3553 9606
3567 9606
3629 9606
3633 9913
3635 9913
3637 9913
3703 9913
3705 9913
3769 9913
3789 9823
3793 9823
3795 9823
3797 9823
3799 9823
3801 9823
3803 9823
3805 9823
3807 9823
3809 9823
3811 9823
3813 9823
3815 9823
3817 9823
3819 9823
3823 9823
3825 9823
3827 9823
3833 9031
3869 10116
3897 9606
3911 9606
3913 9606
3915 9606
3927 9606
3929 9606
3949 9606
3951 9606
3955 9606
3957 9606
3959 9606
3961 9606
3963 9606
3965 9606
3969 9606
3971 9606
3973 9606
3973 10090
3987 9823
3989 9823
3991 9823
3993 9606
4015 9606
4015 10116
4017 9606
4025 3818
4025 8764
4025 9606
4025 9823
4027 8649
4027 8764
4027 9606
4027 9913
4027 10090
4027 11033
4027 27406
4035 9606
4037 8649
4037 8764
4037 9606
4037 9913
4037 10090
4037 11033
4037 27406
4039 4146
4039 8649
4039 8764
4039 9606
4039 9913
4039 10090
4039 27406
4041 3715
4041 4146
4041 8649
4041 8764
4041 9606
4041 9913
4041 10090
4041 27406
4043 3715
4043 8649
4043 9606
4043 9913
4043 10090
4109 9031
4109 10090
4110 9606
4111 9796
4115 9430
4200 9913
4201 8404
4202 8404
4203 8404
4203 9913
4204 8404
4205 8404
4206 9913
4207 9913
4208 7091
4208 11820
4209 9606
4211 9606
4212 9606
4225 9606
4226 9606
4227 9606
4227 9913
4228 9606
4236 9606
4237 9606
4238 9606
4239 9606
4240 9606
4241 9606
4247 9796
4249 9606
4250 9606
4253 9606
4255 9606
4256 9606
4257 9606
4276 9913
4278 9913
4340 9606
4342 9606
4343 9606
4344 9606
4345 9606
4346 9606
4347 9606
4348 9606
4349 9606
4350 9606
4351 9606
4352 9606
4353 9606
4354 9606
4355 9606
4356 9606
4357 9606
4358 9606
4359 9606
4451 9913
4463 9606
4464 9606
4465 9606
4466 9606
4467 9606
4468 9606
4469 9606
4470 9606
4471 9606
4473 9606
4474 9606
4475 9606
4476 9606
4477 9606
4478 9606
4479 9606
4480 9606
4481 9606
4582 10116
4583 10116
4584 10116
4585 10116
4586 10116
4587 9606
4587 10116
4589 10116
4592 10116
4596 44689
4611 3885
4611 4146
4612 4146
4623 94328
4624 9606
4625 9606
4626 9606
4628 9606
4787 9606
4788 9606
4789 9606
4790 9606
4791 9606
4792 9606
4794 9606
4796 9606
4798 9606
4799 9606
4801 9606
4805 9606
4806 9606
4817 9606
4819 9606
4820 9606
4821 9606
4822 3715
4822 9606
4822 10090
4910 3818
4911 3818
4913 9913
4914 9913
4915 9913
4916 9913
4917 9913
4919 9913
4920 9606
4922 9606
4923 9606
4923 100989
4924 9606
5089 9606
5092 9606
5095 9606
5096 9606
5097 9606
5098 9606
5100 9606
5101 9606
5102 9606
5103 9606
5104 9606
5105 9913
5106 9606
5107 9606
5108 9606
5109 9606
5110 9606
5111 9606
5126 9606
5127 9606
5128 9606
5129 9606
5130 9606
5131 9606
5132 9606
5133 9606
5134 9606
5135 9606
5136 9823
5137 9823
5138 9823
5140 9823
5141 9823
5142 9606
5145 9606
5147 9606
5149 9606
5150 9606
5151 9606
5152 9606
5154 9606
5156 9606
5158 9606
5160 9606
5161 9606
5162 9606
5164 9606
5165 9606
5166 9606
5167 9606
5168 9606
5169 9606
5171 9606
5172 9606
5174 9606
5176 9606
5178 9606
5179 9606
5180 9606
5181 9606
5182 9606
5185 9606
5344 9606
5345 9606
5347 9606
5348 9606
5350 9606
5352 9606
5355 9606
5360 9606
5361 9606
5365 9606
5369 10116
5379 2285
5388 9606
5543 9606
5549 9913
5550 9913
5552 9913
5553 9913
5554 9913
5555 9913
5556 9913
5557 9913
5559 9913
5561 9913
5562 9913
5563 9913
5564 9913
5565 9913
5566 9913
5567 9913
5568 9913
5583 9606
5605 10090
5606 10090
5609 10090
5618 9606
5644 487
5663 9913
5664 9606
5665 9606
5669 9606
5797 8717
5798 8717
5799 8717
5803 9913
5804 9913
5806 9913
5807 9913
5808 9913
5809 9913
5810 9913
5811 9913
5812 9913
5813 9913
5814 9913
5815 9913
5816 9913
5817 9913
5818 9913
5822 9913
5824 9913
5825 9913
5826 9913
6048 9606
6049 9606
6050 9606
6051 9606
6052 9606
6053 9606
6054 9606
6055 9606
6056 9606
6062 9606
6063 9606
6064 9606
6065 9606
6066 9606
6067 9606
6069 9606
6070 9606
6071 9606
6072 9606
6073 9606
6074 9606
6075 9606
6076 9606
6077 9606
6078 9606
6079 9606
6081 9606
6114 9031
6114 9606
6115 9031
6116 9031
6120 9031
6121 9031
6124 9031
6125 9031
6185 287
6273 9606
6335 5061
6336 5061
6424 9606
6425 9606
6426 9606
6530 9606
6531 9606
6532 9606
6591 9606
6597 9606
6598 3055
6599 3055
6600 3055
6601 3055
6602 3055
6603 3055
6604 3055
6605 3055
6606 3055
6607 3055
6609 3055
6610 3055
6822 9606
6877 8649
6882 8649
6885 8649
6886 8649
6889 8649
6940 9031
6942 2246
6980 9031
7075 11198
7076 11198
7077 11198
7078 10116
7079 10116
7080 10116
7081 10116
7082 10116
7096 9606
7097 9606
7098 9606
7099 9606
7100 9606
7101 9606
7102 9606
7103 9606
7104 9606
7105 9606
7106 9606
7109 9606
7118 9031
7119 9031
7120 9031
7121 9031
7122 9031
7147 8649
7148 9606
7149 9606
7150 9606
7151 9606
7152 9606
7153 9606
7154 10090
7155 10090
7209 9606
7210 9606
7211 9606
7212 9606
7212 94328
7213 9606
7227 10116
7228 10116
7229 10116
7231 10116
7236 10116
7237 10116
7238 10116
7243 10116
7244 10116
7246 10116
7247 10116
7248 10116
7249 10116
7251 10116
7254 10116
7255 10116
7256 10116
7265 9606
7289 9606
7290 9606
7291 9606
7292 9606
7293 9606
7294 9606
7295 10090
7296 10090
7297 10090
7298 10090
7299 10090
7300 10090
7301 10090
7302 10090
7303 10090
7305 10090
7307 9913
7312 44689
7339 9606
7340 9606
7341 9606
7342 9913
7344 9913
7356 64697
7357 64697
7358 64697
7365 9913
7366 9913
7374 9606
7374 9913
7375 11033
7384 10036
7385 10036
7386 10036
7387 10036
7388 10036
7400 9606
7401 9606
7401 11820
7401 33727
7402 10090
7403 10090
7404 9606
7405 9913
7405 324232
7406 9606
7407 9606
7408 10090
7409 9606
7409 245411
7410 9606
7411 9606
7412 9606
7413 9606
7415 10090
7416 9606
7417 9913
7417 324232
7418 9606
7419 9606
7420 10116
7421 9606
7421 245411
7422 9606
7423 9606
7424 9606
7425 9606
7426 10090
7427 9606
7429 9606
7431 9606
7431 245411
7432 9606
7433 9606
7434 9913
7434 324232
7435 9606
7437 9606
7438 9606
7439 9606
7440 9606
7441 9606
7442 9606
7443 9606
7444 9606
7444 10090
7445 9606
7446 10090
7447 9913
7447 324232
7448 9606
7448 10090
7449 9606
7450 10090
7451 9606
7452 9606
7453 9606
7454 9913
7454 324232
7455 10090
7456 10090
7457 9606
7458 9606
7459 9913
7459 10090
7459 324232
7460 9606
7461 10090
7462 9606
7463 9606
7464 9606
7465 10116
7466 9606
7467 9606
7468 9606
7468 245411
7469 9606
7469 245411
7470 9913
7470 324232
7471 9606
7472 9606
7473 10090
7474 9606
7475 9606
7476 9606
7478 9606
7479 9606
7484 9913
7484 324232
7486 9606
7487 10090
7488 9606
7489 9913
7489 324232
7490 9913
7490 324232
7491 9606
7493 9606
7494 10090
7495 10090
7496 9606
7497 10090
7498 9913
7498 324232
7499 9606
7501 9606
7502 9606
7503 9606
7504 9606
7506 9606
7507 9606
7508 9606
7509 9606
7510 9606
7511 10090
7512 10090
7513 9606
7515 9606
7516 9606
7517 9606
7518 9606
7519 9606
7520 10090
7521 9606
7522 10090
7523 9606
7523 245411
7524 9606
7525 9606
7526 10090
7527 10116
7528 9606
7529 9606
7529 245411
7530 3704
7530 3885
7530 4087
7530 7119
7530 7460
7530 9031
7530 9606
7530 9913
7530 10090
7530 10116
7530 11033
7530 324232
7530 392810
7531 9606
7531 9913
7531 324232
7532 10090
7533 9606
7533 245411
7535 10116
7536 10090
7537 9606
7538 9606
7539 9606
7540 9031
7540 9606
7541 9606
7542 10090
7543 9606
7544 9606
7545 9606
7546 10090
7547 9606
7548 9606
7549 9606
7550 9606
7551 9606
7552 9606
7552 10090
7553 9606
7554 9606
7556 9606
7557 9606
7557 245411
7558 9606
7559 9606
7560 9606
7561 9606
7562 10090
7563 9606
7564 9606
7565 9606
7566 9606
7568 9606
7569 10090
7570 9606
7571 10090
7573 9606
7574 9606
7575 10090
7576 9606
7577 10090
7578 9606
7580 10090
7581 10090
7582 9606
7583 10090
7584 9606
7584 9913
7584 245411
7584 324232
7585 9606
7585 245411
7586 9606
7587 9913
7587 324232
7588 9606
7589 9606
7590 9606
7591 10090
7592 10116
7594 9606
7595 9606
7595 9913
7595 324232
7597 9606
7597 245411
7598 10090
7599 9606
7600 9606
7601 10116
7602 9606
7603 9606
7605 10090
7606 9606
7607 9606
7607 10090
7608 9606
7608 9913
7608 324232
7609 9606
7610 9606
7611 9606
7612 9606
7614 10090
7615 9606
7615 10090
7616 9913
7616 324232
7617 9913
7617 324232
7619 9606
7619 9913
7619 10090
7619 324232
7620 9606
7620 245411
7621 10116
7622 9606
7623 9913
7623 324232
7624 9606
7624 245411
7625 9606
7626 9606
7626 245411
7627 9606
7628 9606
7629 9606
7630 9606
7630 245411
7631 9606
7632 9606
7633 9606
7635 9913
7635 324232
7636 9606
7636 245411
7637 9606
7638 10090
7639 9606
7640 9606
7641 10090
7641 10116
7642 9606
7643 9606
7645 9606
7646 9606
7647 9913
7647 324232
7648 9606
7648 245411
7649 9606
7650 9606
7652 9606
7653 9606
7654 9606
7656 10090
7657 9606
7659 10090
7660 9606
7661 9606
7662 9606
7663 9606
7664 9913
7664 324232
7665 9606
7665 245411
7666 3818
7666 3885
7666 4087
7666 4146
7666 5061
7666 7119
7666 7460
7666 9031
7666 9606
7666 9913
7666 10090
7666 10116
7666 11198
7666 11795
7666 82834
7666 392810
7667 9606
7668 9606
7668 245411
7669 10090
7670 9606
7671 9606
7672 9606
7673 9606
7674 9606
7674 245411
7675 9606
7676 10116
7678 9606
7678 10090
7679 9606
7680 10090
7681 9606
7681 245411
7682 9606
7683 9606
7684 9913
7684 324232
7686 9606
7687 9606
7688 9606
7688 245411
7689 9913
7689 324232
7691 10090
7692 9606
7693 10090
7694 9606
7696 9606
7697 9606
7698 9606
7703 10090
7704 9606
7706 9606
7708 9606
7708 245411
7709 9606
7710 9606
7712 9606
7713 9606
7713 245411
7714 9606
7714 245411
7715 9606
7716 9606
7717 9606
7717 245411
7718 9606
7718 245411
7719 9913
7719 324232
7720 10090
7721 9606
7722 9606
7723 9606
7723 245411
7724 10090
7725 9606
7726 10090
7727 9606
7728 9606
7729 9606
7730 9606
7731 9606
7732 9606
7732 245411
7733 10116
7734 9606
7735 9606
7736 9606
7737 9606
7737 9823
7738 9606
7739 9606
7740 9606
7740 245411
7741 9606
7742 9606
7744 9031
7744 9606
7746 9606
7747 9606
7749 9606
7750 9606
7751 9606
7752 9606
7752 245411
7753 9606
7754 9606
7755 10090
7756 9606
7757 10090
7758 10090
7760 9606
7761 9606
7762 9606
7763 9606
7763 245411
7764 9606
7764 245411
7765 9606
7766 9606
7767 9606
7768 9606
7769 9606
7770 9606
7771 10090
7772 9606
7773 9606
7774 10090
7775 9606
7776 9606
7778 10090
7779 10116
7781 10090
7782 9606
7782 245411
7783 9606
7784 9606
7784 245411
7785 9913
7785 324232
7786 9606
7787 9606
7788 9606
7788 245411
7789 9606
7790 9606
7791 9913
7792 10090
7793 10090
7794 9606
7796 9606
7797 9606
7799 9606
7799 245411
7800 9606
7801 9606
7802 9606
7802 245411
7803 9606
7803 9913
7803 324232
7804 9606
7805 9606
7806 10090
7807 9606
7808 9606
7810 9606
7811 9606
7812 9606
7813 9606
7815 9606
7816 9606
7817 9606
7818 9606
7819 9606
7820 9606
7820 245411
7821 9913
7821 324232
7822 9913
7823 9606
7824 9913
7824 324232
7826 10090
7827 9913
7827 324232
7828 9606
7829 9606
7829 10090
7830 9606
7831 9606
7831 245411
7832 9606
7833 9606
7834 9606
7834 245411
7836 9606
7837 9606
7838 9606
7839 10090
7840 9606
7841 9606
7842 9606
7842 245411
7843 10090
7844 9606
7845 9913
7845 324232
7846 9606
7846 245411
7847 10116
7848 9606
7849 9606
7851 9913
7851 324232
7853 9606
7854 10090
7855 9606
7855 245411
7856 10090
7857 9606
7858 10090
7859 9913
7859 324232
7860 9606
7862 9606
7863 9606
7863 245411
7864 9606
7865 9606
7866 9606
7867 9606
7867 245411
7868 9606
7869 9606
7870 9913
7870 324232
7871 9913
7871 324232
7873 9606
7874 10116
7875 9606
7875 10116
7876 9606
7877 9913
7877 324232
7879 9606
7879 245411
7880 9606
7881 9606
7882 10090
7883 9606
7884 9606
7885 9606
7894 10116
7895 10116
7896 10116
7897 10116
7899 10116
7901 10116
7906 10116
7907 10116
7909 10116
7913 10116
7919 10116
7920 10116
7924 10116
7928 10116
7929 10116
7930 10116
7931 10116
7936 10116
7939 10116
7940 10116
7941 10116
7942 10116
7943 10116
7946 10116
7947 10116
7948 10116
7949 10116
7953 10116
7954 10116
7955 10116
7958 10116
7959 10116
7966 10116
7967 10116
8051 9606
8063 9606
8088 9606
8093 3704
8093 5061
8093 9430
8093 9606
8093 10090
8093 10116
8093 11142
8093 11795
8093 40384
8102 9606
8104 9606
8110 9606
8155 9606
8171 9606
8227 10116
8234 10116
85801407 9606
210519001 9606
210519004 9606
210519010 9606
210519014 9606
210519015 9606
210519018 9606
210519021 9606
483607352 9606
615483027 9606
663064131 9606
810439162 9606
822883402 9606
893355264 9606
989323227 9606
HexNAc0Hex0dHex0NeuAc0NeuGc0Pent0S0P0KDN0HexA0 9606
HexNAc0Hex0dHex0NeuAc0NeuGc0Pent0S0P0KDN0HexA0 10090
HexNAc0Hex0dHex0NeuAc0NeuGc0Pent0S0P0KDN0HexA0 245411
HexNAc1Hex0dHex0NeuAc0NeuGc0Pent0S0P0KDN0HexA0 9606
HexNAc1Hex1dHex0NeuAc0NeuGc0Pent0S0P0KDN0HexA0 9606
HexNAc1Hex1dHex0NeuAc1NeuGc0Pent0S0P0KDN0HexA0 9606
HexNAc1Hex1dHex0NeuAc2NeuGc0Pent0S0P0KDN0HexA0 9606
HexNAc2Hex0dHex0NeuAc0NeuGc0Pent0S0P0KDN0HexA0 9606
HexNAc2Hex1dHex0NeuAc0NeuGc0Pent0S0P0KDN0HexA0 9606
HexNAc2Hex1dHex0NeuAc0NeuGc0Pent0S0P0KDN0HexA0 10116
HexNAc2Hex1dHex1NeuAc0NeuGc0Pent0S0P0KDN0HexA0 9606
HexNAc2Hex1dHex1NeuAc0NeuGc0Pent0S0P0KDN0HexA0 10116
HexNAc2Hex2dHex0NeuAc0NeuGc0Pent0S0P0KDN0HexA0 9606
HexNAc2Hex2dHex1NeuAc0NeuGc0Pent0S0P0KDN0HexA0 9606
HexNAc2Hex3dHex0NeuAc0NeuGc0Pent0S0P0KDN0HexA0 9606
HexNAc2Hex3dHex0NeuAc0NeuGc0Pent0S0P0KDN0HexA0 10116
HexNAc2Hex3dHex0NeuAc0NeuGc0Pent0S0P0KDN0HexA0 245411
HexNAc2Hex3dHex1NeuAc0NeuGc0Pent0S0P0KDN0HexA0 9606
HexNAc2Hex3dHex1NeuAc0NeuGc0Pent0S0P0KDN0HexA0 10116
HexNAc2Hex4dHex0NeuAc0NeuGc0Pent0S0P0KDN0HexA0 9606
HexNAc2Hex4dHex0NeuAc0NeuGc0Pent0S0P0KDN0HexA0 10116
HexNAc2Hex4dHex0NeuAc0NeuGc0Pent0S0P0KDN0HexA0 245411
HexNAc2Hex4dHex1NeuAc0NeuGc0Pent0S0P0KDN0HexA0 9606
HexNAc2Hex4dHex1NeuAc0NeuGc0Pent0S0P0KDN0HexA0 10116
HexNAc2Hex5dHex0NeuAc0NeuGc0Pent0S0P0KDN0HexA0 9606
HexNAc2Hex5dHex0NeuAc0NeuGc0Pent0S0P0KDN0HexA0 10116
HexNAc2Hex5dHex0NeuAc0NeuGc0Pent0S0P0KDN0HexA0 245411
HexNAc2Hex5dHex1NeuAc0NeuGc0Pent0S0P0KDN0HexA0 9606
HexNAc2Hex5dHex1NeuAc0NeuGc0Pent0S0P0KDN0HexA0 10116
HexNAc2Hex5dHex1NeuAc0NeuGc0Pent0S0P0KDN0HexA0 245411
HexNAc2Hex6dHex0NeuAc0NeuGc0Pent0S0P0KDN0HexA0 9606
HexNAc2Hex6dHex0NeuAc0NeuGc0Pent0S0P0KDN0HexA0 10116
HexNAc2Hex6dHex0NeuAc0NeuGc0Pent0S0P0KDN0HexA0 245411
HexNAc2Hex6dHex1NeuAc0NeuGc0Pent0S0P0KDN0HexA0 9606
HexNAc2Hex6dHex1NeuAc0NeuGc0Pent0S0P0KDN0HexA0 10116
HexNAc2Hex7dHex0NeuAc0NeuGc0Pent0S0P0KDN0HexA0 9606
HexNAc2Hex7dHex0NeuAc0NeuGc0Pent0S0P0KDN0HexA0 10116
HexNAc2Hex7dHex0NeuAc0NeuGc0Pent0S0P0KDN0HexA0 245411
HexNAc2Hex7dHex1NeuAc0NeuGc0Pent0S0P0KDN0HexA0 9606
HexNAc2Hex8dHex0NeuAc0NeuGc0Pent0S0P0KDN0HexA0 9606
HexNAc2Hex8dHex0NeuAc0NeuGc0Pent0S0P0KDN0HexA0 10116
HexNAc2Hex8dHex1NeuAc0NeuGc0Pent0S0P0KDN0HexA0 9606
HexNAc2Hex9dHex0NeuAc0NeuGc0Pent0S0P0KDN0HexA0 9606
HexNAc2Hex9dHex0NeuAc0NeuGc0Pent0S0P0KDN0HexA0 10116
HexNAc2Hex9dHex1NeuAc0NeuGc0Pent0S0P0KDN0HexA0 10116
HexNAc3Hex0dHex0NeuAc0NeuGc0Pent0S0P0KDN0HexA0 9606
HexNAc3Hex1dHex0NeuAc0NeuGc0Pent0S0P0KDN0HexA0 9606
HexNAc3Hex2dHex0NeuAc0NeuGc0Pent0S0P0KDN0HexA0 9606
HexNAc3Hex3dHex0NeuAc0NeuGc0Pent0S0P0KDN0HexA0 9606
HexNAc3Hex3dHex0NeuAc0NeuGc0Pent0S0P0KDN0HexA0 10116
HexNAc3Hex3dHex1NeuAc0NeuGc0Pent0S0P0KDN0HexA0 9606
HexNAc3Hex3dHex1NeuAc0NeuGc0Pent0S0P0KDN0HexA0 10116
HexNAc3Hex3dHex1NeuAc0NeuGc0Pent0S0P0KDN0HexA0 245411
HexNAc3Hex4dHex0NeuAc0NeuGc0Pent0S0P0KDN0HexA0 9606
HexNAc3Hex4dHex0NeuAc0NeuGc0Pent0S0P0KDN0HexA0 10116
HexNAc3Hex4dHex0NeuAc1NeuGc0Pent0S0P0KDN0HexA0 9606
HexNAc3Hex4dHex1NeuAc0NeuGc0Pent0S0P0KDN0HexA0 9606
HexNAc3Hex4dHex1NeuAc0NeuGc0Pent0S0P0KDN0HexA0 10116
HexNAc3Hex4dHex1NeuAc0NeuGc0Pent0S0P0KDN0HexA0 245411
HexNAc3Hex4dHex1NeuAc1NeuGc0Pent0S0P0KDN0HexA0 9606
HexNAc3Hex4dHex1NeuAc1NeuGc0Pent0S0P0KDN0HexA0 245411
HexNAc3Hex4dHex2NeuAc0NeuGc0Pent0S0P0KDN0HexA0 9606
HexNAc3Hex4dHex2NeuAc0NeuGc0Pent0S0P0KDN0HexA0 10116
HexNAc3Hex4dHex2NeuAc0NeuGc0Pent0S0P0KDN0HexA0 245411
HexNAc3Hex4dHex3NeuAc0NeuGc0Pent0S0P0KDN0HexA0 9606
HexNAc3Hex4dHex3NeuAc0NeuGc0Pent0S0P0KDN0HexA0 10116
HexNAc3Hex5dHex0NeuAc0NeuGc0Pent0S0P0KDN0HexA0 9606
HexNAc3Hex5dHex0NeuAc0NeuGc0Pent0S0P0KDN0HexA0 10116
HexNAc3Hex5dHex0NeuAc0NeuGc1Pent0S0P0KDN0HexA0 10116
HexNAc3Hex5dHex0NeuAc1NeuGc0Pent0S0P0KDN0HexA0 9606
HexNAc3Hex5dHex0NeuAc1NeuGc0Pent0S0P0KDN0HexA0 245411
HexNAc3Hex5dHex1NeuAc0NeuGc0Pent0S0P0KDN0HexA0 9606
HexNAc3Hex5dHex1NeuAc0NeuGc0Pent0S0P0KDN0HexA0 10116
HexNAc3Hex5dHex1NeuAc0NeuGc0Pent0S0P0KDN0HexA0 245411
HexNAc3Hex5dHex1NeuAc1NeuGc0Pent0S0P0KDN0HexA0 9606
HexNAc3Hex5dHex1NeuAc1NeuGc0Pent0S0P0KDN0HexA0 10116
HexNAc3Hex5dHex2NeuAc0NeuGc0Pent0S0P0KDN0HexA0 9606
HexNAc3Hex5dHex2NeuAc0NeuGc0Pent0S0P0KDN0HexA0 10116
HexNAc3Hex5dHex2NeuAc1NeuGc0Pent0S0P0KDN0HexA0 9606
HexNAc3Hex5dHex2NeuAc1NeuGc0Pent0S0P0KDN0HexA0 245411
HexNAc3Hex5dHex3NeuAc0NeuGc0Pent0S0P0KDN0HexA0 9606
HexNAc3Hex5dHex3NeuAc1NeuGc0Pent0S0P0KDN0HexA0 9606
HexNAc3Hex5dHex3NeuAc1NeuGc0Pent0S0P0KDN0HexA0 245411
HexNAc3Hex6dHex0NeuAc0NeuGc0Pent0S0P0KDN0HexA0 9606
HexNAc3Hex6dHex0NeuAc0NeuGc0Pent0S0P0KDN0HexA0 10116
HexNAc3Hex6dHex0NeuAc1NeuGc0Pent0S0P0KDN0HexA0 9606
HexNAc3Hex6dHex0NeuAc1NeuGc0Pent0S0P0KDN0HexA0 10116
HexNAc3Hex6dHex0NeuAc1NeuGc0Pent0S0P0KDN0HexA0 245411
HexNAc3Hex6dHex1NeuAc0NeuGc0Pent0S0P0KDN0HexA0 9606
HexNAc3Hex6dHex1NeuAc0NeuGc0Pent0S0P0KDN0HexA0 10116
HexNAc3Hex6dHex1NeuAc0NeuGc0Pent0S0P0KDN0HexA0 245411
HexNAc3Hex6dHex1NeuAc1NeuGc0Pent0S0P0KDN0HexA0 9606
HexNAc3Hex6dHex1NeuAc1NeuGc0Pent0S0P0KDN0HexA0 245411
HexNAc3Hex6dHex2NeuAc0NeuGc0Pent0S0P0KDN0HexA0 9606
HexNAc3Hex6dHex2NeuAc0NeuGc0Pent0S0P0KDN0HexA0 245411
HexNAc3Hex6dHex3NeuAc0NeuGc0Pent0S0P0KDN0HexA0 9606
HexNAc3Hex7dHex0NeuAc1NeuGc0Pent0S0P0KDN0HexA0 9606
HexNAc3Hex7dHex1NeuAc1NeuGc0Pent0S0P0KDN0HexA0 9606
HexNAc4Hex1dHex0NeuAc0NeuGc0Pent0S0P0KDN0HexA0 9606
HexNAc4Hex2dHex0NeuAc0NeuGc0Pent0S0P0KDN0HexA0 9606
HexNAc4Hex3dHex0NeuAc0NeuGc0Pent0S0P0KDN0HexA0 9606
HexNAc4Hex3dHex0NeuAc0NeuGc0Pent0S0P0KDN0HexA0 10116
HexNAc4Hex3dHex0NeuAc1NeuGc0Pent0S0P0KDN0HexA0 9606
HexNAc4Hex3dHex0NeuAc1NeuGc0Pent0S0P0KDN0HexA0 245411
HexNAc4Hex3dHex0NeuAc2NeuGc0Pent0S0P0KDN0HexA0 9606
HexNAc4Hex3dHex1NeuAc0NeuGc0Pent0S0P0KDN0HexA0 9606
HexNAc4Hex3dHex1NeuAc0NeuGc0Pent0S0P0KDN0HexA0 10116
HexNAc4Hex3dHex1NeuAc0NeuGc0Pent0S0P0KDN0HexA0 245411
HexNAc4Hex3dHex1NeuAc1NeuGc0Pent0S0P0KDN0HexA0 9606
HexNAc4Hex3dHex2NeuAc0NeuGc0Pent0S0P0KDN0HexA0 9606
HexNAc4Hex3dHex2NeuAc0NeuGc0Pent0S0P0KDN0HexA0 10116
HexNAc4Hex3dHex2NeuAc0NeuGc0Pent0S0P0KDN0HexA0 245411
HexNAc4Hex3dHex2NeuAc1NeuGc0Pent0S0P0KDN0HexA0 9606
HexNAc4Hex3dHex2NeuAc1NeuGc0Pent0S0P0KDN0HexA0 245411
HexNAc4Hex4dHex0NeuAc0NeuGc0Pent0S0P0KDN0HexA0 9606
HexNAc4Hex4dHex0NeuAc0NeuGc0Pent0S0P0KDN0HexA0 10116
HexNAc4Hex4dHex0NeuAc0NeuGc1Pent0S0P0KDN0HexA0 9606
HexNAc4Hex4dHex0NeuAc1NeuGc0Pent0S0P0KDN0HexA0 9606
HexNAc4Hex4dHex0NeuAc2NeuGc0Pent0S0P0KDN0HexA0 9606
HexNAc4Hex4dHex0NeuAc4NeuGc0Pent0S0P0KDN0HexA0 9606
HexNAc4Hex4dHex0NeuAc4NeuGc0Pent0S0P0KDN0HexA0 245411
HexNAc4Hex4dHex1NeuAc0NeuGc0Pent0S0P0KDN0HexA0 9606
HexNAc4Hex4dHex1NeuAc0NeuGc0Pent0S0P0KDN0HexA0 10116
HexNAc4Hex4dHex1NeuAc0NeuGc0Pent0S0P0KDN0HexA0 245411
HexNAc4Hex4dHex1NeuAc1NeuGc0Pent0S0P0KDN0HexA0 9606
HexNAc4Hex4dHex1NeuAc1NeuGc0Pent0S0P0KDN0HexA0 10116
HexNAc4Hex4dHex2NeuAc0NeuGc0Pent0S0P0KDN0HexA0 9606
HexNAc4Hex4dHex2NeuAc0NeuGc0Pent0S0P0KDN0HexA0 10116
HexNAc4Hex4dHex2NeuAc1NeuGc0Pent0S0P0KDN0HexA0 9606
HexNAc4Hex4dHex2NeuAc3NeuGc0Pent0S0P0KDN0HexA0 9606
HexNAc4Hex4dHex2NeuAc3NeuGc0Pent0S0P0KDN0HexA0 245411
HexNAc4Hex4dHex3NeuAc0NeuGc0Pent0S0P0KDN0HexA0 9606
HexNAc4Hex4dHex3NeuAc0NeuGc0Pent0S0P0KDN0HexA0 10116
HexNAc4Hex4dHex4NeuAc2NeuGc0Pent0S0P0KDN0HexA0 9606
HexNAc4Hex4dHex4NeuAc2NeuGc0Pent0S0P0KDN0HexA0 245411
HexNAc4Hex5dHex0NeuAc0NeuGc0Pent0S0P0KDN0HexA0 9606
HexNAc4Hex5dHex0NeuAc0NeuGc0Pent0S0P0KDN0HexA0 10116
HexNAc4Hex5dHex0NeuAc0NeuGc0Pent0S0P0KDN0HexA0 245411
HexNAc4Hex5dHex0NeuAc1NeuGc0Pent0S0P0KDN0HexA0 9606
HexNAc4Hex5dHex0NeuAc1NeuGc0Pent0S0P0KDN0HexA0 245411
HexNAc4Hex5dHex0NeuAc2NeuGc0Pent0S0P0KDN0HexA0 9606
HexNAc4Hex5dHex0NeuAc2NeuGc0Pent0S0P0KDN0HexA0 10116
HexNAc4Hex5dHex0NeuAc2NeuGc0Pent0S0P0KDN0HexA0 245411
HexNAc4Hex5dHex1NeuAc0NeuGc0Pent0S0P0KDN0HexA0 9606
HexNAc4Hex5dHex1NeuAc0NeuGc0Pent0S0P0KDN0HexA0 10116
HexNAc4Hex5dHex1NeuAc0NeuGc0Pent0S0P0KDN0HexA0 245411
HexNAc4Hex5dHex1NeuAc0NeuGc1Pent0S0P0KDN0HexA0 10116
HexNAc4Hex5dHex1NeuAc1NeuGc0Pent0S0P0KDN0HexA0 9606
HexNAc4Hex5dHex1NeuAc1NeuGc0Pent0S0P0KDN0HexA0 10116
HexNAc4Hex5dHex1NeuAc1NeuGc0Pent0S0P0KDN0HexA0 245411
HexNAc4Hex5dHex1NeuAc1NeuGc1Pent0S0P0KDN0HexA0 9606
HexNAc4Hex5dHex1NeuAc2NeuGc0Pent0S0P0KDN0HexA0 9606
HexNAc4Hex5dHex1NeuAc2NeuGc0Pent0S0P0KDN0HexA0 10116
HexNAc4Hex5dHex1NeuAc2NeuGc0Pent0S0P0KDN0HexA0 245411
HexNAc4Hex5dHex2NeuAc0NeuGc0Pent0S0P0KDN0HexA0 9606
HexNAc4Hex5dHex2NeuAc0NeuGc0Pent0S0P0KDN0HexA0 10116
HexNAc4Hex5dHex2NeuAc0NeuGc0Pent0S0P0KDN0HexA0 245411
HexNAc4Hex5dHex2NeuAc0NeuGc1Pent0S0P0KDN0HexA0 9606
HexNAc4Hex5dHex2NeuAc0NeuGc1Pent0S0P0KDN0HexA0 10116
HexNAc4Hex5dHex2NeuAc1NeuGc0Pent0S0P0KDN0HexA0 9606
HexNAc4Hex5dHex2NeuAc1NeuGc0Pent0S0P0KDN0HexA0 10116
HexNAc4Hex5dHex2NeuAc1NeuGc0Pent0S0P0KDN0HexA0 245411
HexNAc4Hex5dHex2NeuAc2NeuGc0Pent0S0P0KDN0HexA0 10116
HexNAc4Hex5dHex3NeuAc0NeuGc0Pent0S0P0KDN0HexA0 9606
HexNAc4Hex5dHex3NeuAc0NeuGc0Pent0S0P0KDN0HexA0 10116
HexNAc4Hex5dHex3NeuAc0NeuGc0Pent0S0P0KDN0HexA0 245411
HexNAc4Hex5dHex3NeuAc1NeuGc0Pent0S0P0KDN0HexA0 9606
HexNAc4Hex5dHex3NeuAc1NeuGc0Pent0S0P0KDN0HexA0 10116
HexNAc4Hex5dHex3NeuAc1NeuGc0Pent0S0P0KDN0HexA0 245411
HexNAc4Hex5dHex4NeuAc0NeuGc0Pent0S0P0KDN0HexA0 9606
HexNAc4Hex5dHex4NeuAc0NeuGc0Pent0S0P0KDN0HexA0 245411
HexNAc4Hex6dHex0NeuAc0NeuGc0Pent0S0P0KDN0HexA0 9606
HexNAc4Hex6dHex0NeuAc0NeuGc0Pent0S0P0KDN0HexA0 10116
HexNAc4Hex6dHex0NeuAc1NeuGc0Pent0S0P0KDN0HexA0 9606
HexNAc4Hex6dHex0NeuAc2NeuGc0Pent0S0P0KDN0HexA0 9606
HexNAc4Hex6dHex1NeuAc0NeuGc0Pent0S0P0KDN0HexA0 9606
HexNAc4Hex6dHex1NeuAc0NeuGc0Pent0S0P0KDN0HexA0 10116
HexNAc4Hex6dHex1NeuAc1NeuGc0Pent0S0P0KDN0HexA0 9606
HexNAc4Hex6dHex2NeuAc0NeuGc0Pent0S0P0KDN0HexA0 9606
HexNAc4Hex6dHex2NeuAc0NeuGc0Pent0S0P0KDN0HexA0 10116
HexNAc4Hex6dHex2NeuAc1NeuGc0Pent0S0P0KDN0HexA0 9606
HexNAc4Hex6dHex3NeuAc0NeuGc0Pent0S0P0KDN0HexA0 9606
HexNAc4Hex6dHex3NeuAc2NeuGc0Pent0S0P0KDN0HexA0 9606
HexNAc4Hex6dHex3NeuAc2NeuGc0Pent0S0P0KDN0HexA0 245411
HexNAc4Hex7dHex0NeuAc0NeuGc0Pent0S0P0KDN0HexA0 9606
HexNAc4Hex7dHex0NeuAc0NeuGc0Pent0S0P0KDN0HexA0 10116
HexNAc4Hex7dHex0NeuAc1NeuGc0Pent0S0P0KDN0HexA0 9606
HexNAc4Hex7dHex1NeuAc0NeuGc0Pent0S0P0KDN0HexA0 9606
HexNAc4Hex7dHex2NeuAc0NeuGc0Pent0S0P0KDN0HexA0 9606
HexNAc5Hex3dHex0NeuAc0NeuGc0Pent0S0P0KDN0HexA0 9606
HexNAc5Hex3dHex0NeuAc0NeuGc0Pent0S0P0KDN0HexA0 10116
HexNAc5Hex3dHex0NeuAc0NeuGc0Pent0S0P0KDN0HexA0 245411
HexNAc5Hex3dHex0NeuAc1NeuGc0Pent0S0P0KDN0HexA0 9606
HexNAc5Hex3dHex0NeuAc1NeuGc0Pent0S0P0KDN0HexA0 245411
HexNAc5Hex3dHex0NeuAc2NeuGc0Pent0S0P0KDN0HexA0 9606
HexNAc5Hex3dHex1NeuAc0NeuGc0Pent0S0P0KDN0HexA0 9606
HexNAc5Hex3dHex1NeuAc0NeuGc0Pent0S0P0KDN0HexA0 10116
HexNAc5Hex3dHex1NeuAc1NeuGc0Pent0S0P0KDN0HexA0 9606
HexNAc5Hex3dHex2NeuAc0NeuGc0Pent0S0P0KDN0HexA0 9606
HexNAc5Hex3dHex2NeuAc0NeuGc0Pent0S0P0KDN0HexA0 10116
HexNAc5Hex3dHex2NeuAc0NeuGc0Pent0S0P0KDN0HexA0 245411
HexNAc5Hex4dHex0NeuAc0NeuGc0Pent0S0P0KDN0HexA0 9606
HexNAc5Hex4dHex0NeuAc0NeuGc0Pent0S0P0KDN0HexA0 10116
HexNAc5Hex4dHex0NeuAc1NeuGc0Pent0S0P0KDN0HexA0 9606
HexNAc5Hex4dHex0NeuAc2NeuGc0Pent0S0P0KDN0HexA0 9606
HexNAc5Hex4dHex1NeuAc0NeuGc0Pent0S0P0KDN0HexA0 9606
HexNAc5Hex4dHex1NeuAc0NeuGc0Pent0S0P0KDN0HexA0 10116
HexNAc5Hex4dHex1NeuAc0NeuGc0Pent0S0P0KDN0HexA0 245411
HexNAc5Hex4dHex1NeuAc1NeuGc0Pent0S0P0KDN0HexA0 9606
HexNAc5Hex4dHex1NeuAc1NeuGc0Pent0S0P0KDN0HexA0 10116
HexNAc5Hex4dHex1NeuAc2NeuGc0Pent0S0P0KDN0HexA0 9606
HexNAc5Hex4dHex1NeuAc2NeuGc0Pent0S0P0KDN0HexA0 245411
HexNAc5Hex4dHex2NeuAc0NeuGc0Pent0S0P0KDN0HexA0 9606
HexNAc5Hex4dHex2NeuAc0NeuGc0Pent0S0P0KDN0HexA0 10116
HexNAc5Hex4dHex2NeuAc1NeuGc0Pent0S0P0KDN0HexA0 10116
HexNAc5Hex4dHex3NeuAc0NeuGc0Pent0S0P0KDN0HexA0 9606
HexNAc5Hex4dHex4NeuAc2NeuGc0Pent0S0P0KDN0HexA0 9606
HexNAc5Hex4dHex4NeuAc2NeuGc0Pent0S0P0KDN0HexA0 245411
HexNAc5Hex5dHex0NeuAc0NeuGc0Pent0S0P0KDN0HexA0 9606
HexNAc5Hex5dHex0NeuAc0NeuGc0Pent0S0P0KDN0HexA0 10116
HexNAc5Hex5dHex0NeuAc1NeuGc0Pent0S0P0KDN0HexA0 9606
HexNAc5Hex5dHex0NeuAc2NeuGc0Pent0S0P0KDN0HexA0 9606
HexNAc5Hex5dHex1NeuAc0NeuGc0Pent0S0P0KDN0HexA0 9606
HexNAc5Hex5dHex1NeuAc0NeuGc0Pent0S0P0KDN0HexA0 10116
HexNAc5Hex5dHex1NeuAc1NeuGc0Pent0S0P0KDN0HexA0 9606
HexNAc5Hex5dHex1NeuAc1NeuGc0Pent0S0P0KDN0HexA0 10116
HexNAc5Hex5dHex1NeuAc2NeuGc0Pent0S0P0KDN0HexA0 9606
HexNAc5Hex5dHex1NeuAc3NeuGc0Pent0S0P0KDN0HexA0 9606
HexNAc5Hex5dHex2NeuAc0NeuGc0Pent0S0P0KDN0HexA0 9606
HexNAc5Hex5dHex2NeuAc0NeuGc0Pent0S0P0KDN0HexA0 10116
HexNAc5Hex5dHex2NeuAc1NeuGc0Pent0S0P0KDN0HexA0 9606
HexNAc5Hex5dHex2NeuAc1NeuGc0Pent0S0P0KDN0HexA0 10116
HexNAc5Hex5dHex3NeuAc0NeuGc0Pent0S0P0KDN0HexA0 9606
HexNAc5Hex5dHex3NeuAc0NeuGc0Pent0S0P0KDN0HexA0 10116
HexNAc5Hex6dHex0NeuAc0NeuGc0Pent0S0P0KDN0HexA0 9606
HexNAc5Hex6dHex0NeuAc0NeuGc0Pent0S0P0KDN0HexA0 10116
HexNAc5Hex6dHex0NeuAc1NeuGc0Pent0S0P0KDN0HexA0 9606
HexNAc5Hex6dHex0NeuAc2NeuGc0Pent0S0P0KDN0HexA0 9606
HexNAc5Hex6dHex0NeuAc2NeuGc0Pent0S0P0KDN0HexA0 245411
HexNAc5Hex6dHex0NeuAc3NeuGc0Pent0S0P0KDN0HexA0 9606
HexNAc5Hex6dHex0NeuAc3NeuGc0Pent0S0P0KDN0HexA0 245411
HexNAc5Hex6dHex1NeuAc0NeuGc0Pent0S0P0KDN0HexA0 9606
HexNAc5Hex6dHex1NeuAc0NeuGc0Pent0S0P0KDN0HexA0 10116
HexNAc5Hex6dHex1NeuAc0NeuGc0Pent0S0P0KDN0HexA0 245411
HexNAc5Hex6dHex1NeuAc1NeuGc0Pent0S0P0KDN0HexA0 9606
HexNAc5Hex6dHex1NeuAc1NeuGc0Pent0S0P0KDN0HexA0 245411
HexNAc5Hex6dHex1NeuAc2NeuGc0Pent0S0P0KDN0HexA0 9606
HexNAc5Hex6dHex1NeuAc2NeuGc0Pent0S0P0KDN0HexA0 245411
HexNAc5Hex6dHex1NeuAc3NeuGc0Pent0S0P0KDN0HexA0 9606
HexNAc5Hex6dHex1NeuAc3NeuGc0Pent0S0P0KDN0HexA0 245411
HexNAc5Hex6dHex2NeuAc0NeuGc0Pent0S0P0KDN0HexA0 9606
HexNAc5Hex6dHex2NeuAc0NeuGc0Pent0S0P0KDN0HexA0 245411
HexNAc5Hex6dHex2NeuAc1NeuGc0Pent0S0P0KDN0HexA0 9606
HexNAc5Hex6dHex2NeuAc1NeuGc0Pent0S0P0KDN0HexA0 245411
HexNAc5Hex6dHex2NeuAc2NeuGc0Pent0S0P0KDN0HexA0 10116
HexNAc5Hex6dHex2NeuAc3NeuGc0Pent0S0P0KDN0HexA0 10116
HexNAc5Hex6dHex3NeuAc0NeuGc0Pent0S0P0KDN0HexA0 9606
HexNAc5Hex6dHex3NeuAc0NeuGc0Pent0S0P0KDN0HexA0 10116
HexNAc5Hex6dHex3NeuAc0NeuGc0Pent0S0P0KDN0HexA0 245411
HexNAc5Hex6dHex3NeuAc1NeuGc0Pent0S0P0KDN0HexA0 9606
HexNAc5Hex6dHex3NeuAc1NeuGc0Pent0S0P0KDN0HexA0 10116
HexNAc5Hex6dHex3NeuAc1NeuGc0Pent0S0P0KDN0HexA0 245411
HexNAc5Hex6dHex4NeuAc0NeuGc0Pent0S0P0KDN0HexA0 9606
HexNAc5Hex6dHex4NeuAc0NeuGc0Pent0S0P0KDN0HexA0 245411
HexNAc5Hex6dHex4NeuAc1NeuGc0Pent0S0P0KDN0HexA0 9606
HexNAc5Hex6dHex4NeuAc1NeuGc0Pent0S0P0KDN0HexA0 245411
HexNAc5Hex8dHex1NeuAc0NeuGc0Pent0S0P0KDN0HexA0 9606
HexNAc6Hex1dHex1NeuAc0NeuGc0Pent0S0P0KDN0HexA0 9606
HexNAc6Hex3dHex0NeuAc0NeuGc0Pent0S0P0KDN0HexA0 9606
HexNAc6Hex3dHex0NeuAc0NeuGc0Pent0S0P0KDN0HexA0 10116
HexNAc6Hex3dHex0NeuAc1NeuGc0Pent0S0P0KDN0HexA0 9606
HexNAc6Hex3dHex1NeuAc0NeuGc0Pent0S0P0KDN0HexA0 9606
HexNAc6Hex3dHex1NeuAc0NeuGc0Pent0S0P0KDN0HexA0 10116
HexNAc6Hex3dHex1NeuAc1NeuGc0Pent0S0P0KDN0HexA0 9606
HexNAc6Hex3dHex1NeuAc2NeuGc0Pent0S0P0KDN0HexA0 9606
HexNAc6Hex3dHex3NeuAc0NeuGc0Pent0S0P0KDN0HexA0 10116
HexNAc6Hex3dHex4NeuAc0NeuGc0Pent0S0P0KDN0HexA0 9606
HexNAc6Hex3dHex4NeuAc0NeuGc0Pent0S0P0KDN0HexA0 245411
HexNAc6Hex4dHex0NeuAc0NeuGc0Pent0S0P0KDN0HexA0 9606
HexNAc6Hex4dHex0NeuAc1NeuGc0Pent0S0P0KDN0HexA0 9606
HexNAc6Hex4dHex1NeuAc0NeuGc0Pent0S0P0KDN0HexA0 9606
HexNAc6Hex4dHex1NeuAc1NeuGc0Pent0S0P0KDN0HexA0 10116
HexNAc6Hex4dHex1NeuAc2NeuGc0Pent0S0P0KDN0HexA0 9606
HexNAc6Hex4dHex2NeuAc0NeuGc0Pent0S0P0KDN0HexA0 9606
HexNAc6Hex4dHex2NeuAc0NeuGc0Pent0S0P0KDN0HexA0 10116
HexNAc6Hex4dHex3NeuAc0NeuGc0Pent0S0P0KDN0HexA0 10116
HexNAc6Hex5dHex0NeuAc0NeuGc0Pent0S0P0KDN0HexA0 9606
HexNAc6Hex5dHex0NeuAc1NeuGc0Pent0S0P0KDN0HexA0 9606
HexNAc6Hex5dHex0NeuAc1NeuGc0Pent0S0P0KDN0HexA0 10116
HexNAc6Hex5dHex0NeuAc2NeuGc1Pent0S0P0KDN0HexA0 10116
HexNAc6Hex5dHex1NeuAc0NeuGc0Pent0S0P0KDN0HexA0 9606
HexNAc6Hex5dHex1NeuAc0NeuGc0Pent0S0P0KDN0HexA0 10116
HexNAc6Hex5dHex1NeuAc2NeuGc0Pent0S0P0KDN0HexA0 10116
HexNAc6Hex5dHex2NeuAc0NeuGc0Pent0S0P0KDN0HexA0 9606
HexNAc6Hex5dHex2NeuAc0NeuGc0Pent0S0P0KDN0HexA0 10116
HexNAc6Hex5dHex2NeuAc1NeuGc0Pent0S0P0KDN0HexA0 10116
HexNAc6Hex5dHex3NeuAc0NeuGc0Pent0S0P0KDN0HexA0 10116
HexNAc6Hex6dHex0NeuAc1NeuGc0Pent0S0P0KDN0HexA0 9606
HexNAc6Hex6dHex1NeuAc0NeuGc0Pent0S0P0KDN0HexA0 9606
HexNAc6Hex6dHex1NeuAc1NeuGc0Pent0S0P0KDN0HexA0 9606
HexNAc6Hex6dHex1NeuAc2NeuGc0Pent0S0P0KDN0HexA0 9606
HexNAc6Hex6dHex1NeuAc2NeuGc0Pent0S0P0KDN0HexA0 10116
HexNAc6Hex6dHex2NeuAc1NeuGc0Pent0S0P0KDN0HexA0 10116
HexNAc6Hex6dHex2NeuAc2NeuGc0Pent0S0P0KDN0HexA0 10116
HexNAc6Hex6dHex3NeuAc1NeuGc0Pent0S0P0KDN0HexA0 10116
HexNAc6Hex6dHex4NeuAc0NeuGc0Pent0S0P0KDN0HexA0 10116
HexNAc6Hex7dHex0NeuAc0NeuGc0Pent0S0P0KDN0HexA0 9606
HexNAc6Hex7dHex0NeuAc1NeuGc0Pent0S0P0KDN0HexA0 9606
HexNAc6Hex7dHex0NeuAc2NeuGc0Pent0S0P0KDN0HexA0 9606
HexNAc6Hex7dHex0NeuAc3NeuGc0Pent0S0P0KDN0HexA0 9606
HexNAc6Hex7dHex0NeuAc4NeuGc0Pent0S0P0KDN0HexA0 9606
HexNAc6Hex7dHex1NeuAc0NeuGc0Pent0S0P0KDN0HexA0 9606
HexNAc6Hex7dHex1NeuAc1NeuGc0Pent0S0P0KDN0HexA0 9606
HexNAc6Hex7dHex1NeuAc2NeuGc0Pent0S0P0KDN0HexA0 9606
HexNAc6Hex7dHex1NeuAc2NeuGc0Pent0S0P0KDN0HexA0 245411
HexNAc6Hex7dHex1NeuAc3NeuGc0Pent0S0P0KDN0HexA0 9606
HexNAc6Hex7dHex1NeuAc4NeuGc0Pent0S0P0KDN0HexA0 9606
HexNAc6Hex7dHex1NeuAc4NeuGc0Pent0S0P0KDN0HexA0 245411
HexNAc6Hex7dHex2NeuAc1NeuGc0Pent0S0P0KDN0HexA0 9606
HexNAc6Hex7dHex2NeuAc1NeuGc0Pent0S0P0KDN0HexA0 245411
HexNAc6Hex7dHex3NeuAc1NeuGc0Pent0S0P0KDN0HexA0 9606
HexNAc6Hex7dHex3NeuAc1NeuGc0Pent0S0P0KDN0HexA0 245411
HexNAc6Hex7dHex4NeuAc0NeuGc0Pent0S0P0KDN0HexA0 9606
HexNAc6Hex7dHex4NeuAc0NeuGc0Pent0S0P0KDN0HexA0 245411
HexNAc6Hex7dHex4NeuAc1NeuGc0Pent0S0P0KDN0HexA0 9606
HexNAc6Hex7dHex4NeuAc1NeuGc0Pent0S0P0KDN0HexA0 245411
HexNAc6Hex7dHex5NeuAc0NeuGc0Pent0S0P0KDN0HexA0 9606
HexNAc6Hex7dHex5NeuAc0NeuGc0Pent0S0P0KDN0HexA0 245411
HexNAc6Hex8dHex1NeuAc3NeuGc0Pent0S0P0KDN0HexA0 9606
HexNAc7Hex3dHex0NeuAc0NeuGc0Pent0S0P0KDN0HexA0 10116
HexNAc7Hex3dHex0NeuAc2NeuGc0Pent0S0P0KDN0HexA0 9606
HexNAc7Hex3dHex0NeuAc2NeuGc0Pent0S0P0KDN0HexA0 245411
HexNAc7Hex3dHex2NeuAc1NeuGc0Pent0S0P0KDN0HexA0 9606
HexNAc7Hex3dHex2NeuAc1NeuGc0Pent0S0P0KDN0HexA0 245411
HexNAc7Hex4dHex0NeuAc1NeuGc0Pent0S0P0KDN0HexA0 9606
HexNAc7Hex4dHex1NeuAc0NeuGc0Pent0S0P0KDN0HexA0 9606
HexNAc7Hex4dHex1NeuAc1NeuGc0Pent0S0P0KDN0HexA0 9606
HexNAc7Hex5dHex0NeuAc1NeuGc0Pent0S0P0KDN0HexA0 9606
HexNAc7Hex5dHex1NeuAc0NeuGc0Pent0S0P0KDN0HexA0 9606
HexNAc7Hex5dHex1NeuAc2NeuGc0Pent0S0P0KDN0HexA0 9606
HexNAc7Hex5dHex1NeuAc2NeuGc0Pent0S0P0KDN0HexA0 10116
HexNAc7Hex6dHex0NeuAc0NeuGc0Pent0S0P0KDN0HexA0 9606
HexNAc7Hex6dHex0NeuAc0NeuGc0Pent0S0P0KDN0HexA0 245411
HexNAc7Hex8dHex0NeuAc0NeuGc0Pent0S0P0KDN0HexA0 9606
HexNAc7Hex8dHex0NeuAc1NeuGc0Pent0S0P0KDN0HexA0 9606
HexNAc7Hex8dHex1NeuAc0NeuGc0Pent0S0P0KDN0HexA0 9606
HexNAc7Hex8dHex6NeuAc0NeuGc0Pent0S0P0KDN0HexA0 9606
HexNAc7Hex8dHex6NeuAc0NeuGc0Pent0S0P0KDN0HexA0 245411
HexNAc7Hex9dHex0NeuAc0NeuGc0Pent0S0P0KDN0HexA0 9606
HexNAc7Hex9dHex0NeuAc0NeuGc0Pent0S0P0KDN0HexA0 245411
HexNAc7Hex9dHex1NeuAc0NeuGc0Pent0S0P0KDN0HexA0 9606
HexNAc8Hex3dHex2NeuAc0NeuGc0Pent0S0P0KDN0HexA0 9606
HexNAc8Hex3dHex2NeuAc0NeuGc0Pent0S0P0KDN0HexA0 245411
HexNAc8Hex4dHex0NeuAc0NeuGc0Pent0S0P0KDN0HexA0 9606
HexNAc8Hex4dHex0NeuAc0NeuGc0Pent0S0P0KDN0HexA0 245411
HexNAc8Hex4dHex0NeuAc1NeuGc0Pent0S0P0KDN0HexA0 9606
HexNAc8Hex4dHex0NeuAc1NeuGc0Pent0S0P0KDN0HexA0 245411
HexNAc8Hex6dHex3NeuAc0NeuGc0Pent0S0P0KDN0HexA0 9606
HexNAc8Hex6dHex3NeuAc0NeuGc0Pent0S0P0KDN0HexA0 245411
HexNAc9Hex1dHex1NeuAc0NeuGc0Pent0S0P0KDN0HexA0 9606
HexNAc9Hex1dHex1NeuAc0NeuGc0Pent0S0P0KDN0HexA0 245411
HexNAc9Hex7dHex1NeuAc1NeuGc0Pent0S0P0KDN0HexA0 9606
HexNAc9Hex7dHex1NeuAc2NeuGc0Pent0S0P0KDN0HexA0 9606
