39 18621992
106 9556613
121 10455156
137 6169630
219 12010808
220 7925469
222 3164721
223 11279168
225 11266684
230 1567687
231 6653876
232 2551493
233 107170
234 429966
235 6182692
236 2808357
237 2417112
238 13814231
239 163330
240 13756766
241 3469463
242 3944091
243 3191504
244 2450649
245 15701648
246 2410529
247 10521539
248 11162373
249 6165896
250 281705
251 6188690
252 6833281
253 7309759
254 6386148
255 9990070
256 94699
257 15972893
258 17728258
259 7507478
260 6469974
261 3350806
262 1985926
263 3805045
264 7287743
265 2579390
266 4041428
267 6189529
268 5686860
269 16286643
270 6156677
271 6190803
272 6135869
273 6847662
274 8999917
275 10469154
276 14568618
277 9083013
278 1530650
279 84053
280 780262
281 2373957
282 4855831
283 6585365
284 18470608
285 3944094
286 6209560
287 760826
288 700772
289 4477014
290 2713378
291 3379797
292 2465279
293 2777788
294 2559078
295 1396705
296 3805024
297 3297853
298 850070
299 6863318
300 6183004
301 518853
302 12084983
303 6072378
304 5068000
305 7045228
306 6814203
307 6497890
308 2464874
309 7142381
310 2414279
311 6778957
312 7061953
313 7130176
314 3949793
315 18253060
316 6296843
317 6542067
318 6214725
319 2139874
320 6175621
321 4060848
322 3654655
323 7533156
324 7528216
325 2795103
326 6376545
327 4029397
328 2468656
329 1584231
330 8221098
331 2581939
332 10931205
333 2299350
334 6640289
335 3417685
336 2554809
337 2509467
338 2426269
339 1735443
340 2022659
341 7142214
342 3896152
